{
  "generated_by": {
    "program": "augur",
    "version": "21.1.0"
  },
  "models": {
    "country": {
      "alphabet": [
        "Argentina",
        "Australia",
        "Austria",
        "Bangladesh",
        "Belgium",
        "Brazil",
        "Canada",
        "Chile",
        "China",
        "Czech Republic",
        "Denmark",
        "Egypt",
        "France",
        "Georgia",
        "Germany",
        "Guatemala",
        "Hong Kong",
        "Hungary",
        "India",
        "Iran",
        "Italy",
        "Japan",
        "Kazakhstan",
        "Malaysia",
        "Mexico",
        "Mongolia",
        "Netherlands",
        "Nigeria",
        "Norway",
        "Peru",
        "Philippines",
        "Poland",
        "Romania",
        "Russia",
        "Singapore",
        "South Africa",
        "South Korea",
        "Spain",
        "Sri Lanka",
        "Sweden",
        "Switzerland",
        "Taiwan",
        "Thailand",
        "Turkey",
        "United Kingdom",
        "Usa",
        "Vietnam",
        "Zambia",
        "?"
      ],
      "equilibrium_probabilities": [
        0.020754394818261523,
        0.018610500388132743,
        0.025753336402703258,
        0.026268177575637305,
        0.026129493565985474,
        0.01637675367583341,
        0.0034155804607895936,
        0.014769408799412386,
        0.015966095322651596,
        0.025748616824949857,
        0.025614603174607748,
        0.02565819151932617,
        0.018811515383922416,
        0.02572856114937922,
        0.024503586849345085,
        0.011050939241167675,
        0.009030616360480186,
        0.025869240110446425,
        0.02336718620439512,
        0.025669560236823645,
        0.021253073036370067,
        0.011759276979934721,
        0.02379760344401011,
        0.022138334582998003,
        0.020492710727520062,
        0.017591294320152575,
        0.021464107625748186,
        0.02379275998719685,
        0.025517395267973093,
        0.0204372086160665,
        0.02215832920287134,
        0.022020428066492875,
        0.02216100557806539,
        0.023863659806804497,
        0.024580363237215193,
        0.02217823442164593,
        0.011879572728093596,
        0.02697243915258811,
        0.025404630029221005,
        0.023141816558080706,
        0.024406281349071513,
        0.02045375328884617,
        0.02165406702196262,
        0.025769238490615288,
        0.012922638995876128,
        0.008639631847893412,
        0.020148114117994952,
        0.02430567345444032
      ],
      "rate": 33.095140788273724,
      "transition_matrix": [
        [
          0.0,
          0.9452358662302396,
          0.9449976571037341,
          0.9448380238716781,
          0.944851914166996,
          0.9500737920949406,
          1.1649256221423925,
          0.9445111629991415,
          0.9366970343142803,
          0.9449705539919403,
          0.9451301664559856,
          0.9449983771988935,
          0.9448701096198014,
          0.94501062872926,
          0.9441726163534834,
          0.9446680487781779,
          1.3984801072080573,
          0.9450091786831334,
          0.9451726690626653,
          0.9449649604582973,
          0.9448407886612331,
          0.9437795389664524,
          0.9452415348082116,
          0.9449783060861114,
          0.9443016153926784,
          0.9419912743979771,
          0.9430212495859565,
          0.9450500329133531,
          0.944997269477444,
          0.944951854585865,
          0.945007211083595,
          0.9452306693950494,
          0.9449923232610482,
          0.9447326222537735,
          0.944972851920027,
          0.9451756983239135,
          0.9403689692239886,
          0.9441150072695368,
          0.9449922990413008,
          0.9452673356484416,
          0.9450961037442048,
          0.9447779893959454,
          0.9453280561266448,
          0.9449899149393227,
          0.9448537537037762,
          1.6157996028981116,
          0.9429693819506187,
          0.9450586514204323
        ],
        [
          0.9452358662302396,
          0.0,
          0.9447190851321169,
          1.1575292198403087,
          0.9448869044457554,
          0.9454931303294174,
          0.9420556223276324,
          0.94533480530346,
          2.41228156295377,
          0.9445790405250079,
          0.9447071940763494,
          0.94476820805153,
          0.9458972515128906,
          0.9447654870555199,
          0.9446347682704226,
          0.9463535704688057,
          1.133944141611844,
          0.9446066372124501,
          0.9459034424701372,
          0.944736650812224,
          0.9728898135063685,
          1.4197602311010118,
          0.947255113977224,
          0.944998043485942,
          0.944611601061966,
          0.9742716062106167,
          0.9456109339268958,
          0.944855889239413,
          0.9446037979430675,
          0.9451451383945406,
          0.9449662107542178,
          0.9455536271436668,
          0.9449529524765835,
          1.6351634009883147,
          0.9448358471248165,
          0.9456642993102231,
          1.896483896194465,
          0.9437737298938131,
          0.9446998696610593,
          0.945901624857513,
          0.9449498431864859,
          0.9449838517157371,
          0.9438238101394087,
          0.9445921439412128,
          1.0499131939702018,
          1.8152234394515427,
          1.1514931389544358,
          0.9448544051896053
        ],
        [
          0.9449976571037341,
          0.9447190851321169,
          0.0,
          0.9448253785511005,
          0.9448442016532217,
          0.9444968686127965,
          0.9324458633323558,
          0.9440604906890165,
          0.9341021672148638,
          0.9449969213844638,
          0.9451862879343315,
          0.9450308905846053,
          0.9447268200371954,
          0.9450449235332308,
          0.9437631868369382,
          0.9445616869772439,
          0.9419739278255551,
          0.9450434311318625,
          0.9450960501625292,
          0.9449895092396308,
          0.9456515277956146,
          0.9432973014507002,
          0.9452821175283114,
          0.944995669857108,
          0.9439252486126686,
          0.9412131184470843,
          0.9425032575827411,
          0.9450612891389077,
          0.9450296322638332,
          0.9449581055339625,
          0.9450325829031242,
          0.9452098117311373,
          0.9450139440562456,
          0.9446348265872414,
          0.9449975658694626,
          0.9452304471204543,
          0.9391561200738663,
          0.9439087586136838,
          0.9450199139465056,
          0.9452484415859819,
          0.945124111089193,
          0.9446903394433853,
          0.9428481143125882,
          0.9450210195103574,
          1.4168421840265029,
          0.9047300315363732,
          0.9424464044894348,
          0.9450424863168543
        ],
        [
          0.9448380238716781,
          1.1575292198403087,
          0.9448253785511005,
          0.0,
          0.949535876514321,
          0.9443193212493444,
          0.9321815225622954,
          0.9439320546572053,
          0.9389534970780766,
          0.9447915974468443,
          0.9449853516354343,
          0.9493814161549798,
          0.9445609412607231,
          0.9450616538142397,
          0.9436726741630669,
          0.9444674820666645,
          0.9419955454237652,
          0.9448378346542733,
          0.9451896169491438,
          0.9466475130466988,
          0.9446316816117283,
          0.9433515741017241,
          0.9456383312978951,
          0.9448232443268045,
          0.9437537877915458,
          2.367172657142653,
          0.9431294820409373,
          0.9448703924807631,
          0.9448265575483076,
          0.9447896436986236,
          0.9448562963447146,
          0.9450009566329395,
          0.9448372672036492,
          1.7474867775521266,
          0.9448018269806809,
          0.9452770662802291,
          0.9402714072604794,
          0.9436665200299774,
          0.9448173924346005,
          0.9455450989675535,
          0.9449086403276628,
          0.9445333793680042,
          0.942626465480877,
          0.9448154564367677,
          0.9445535120386817,
          0.9041444776477531,
          0.9450364871089286,
          0.9448517704350852
        ],
        [
          0.944851914166996,
          0.9448869044457554,
          0.9448442016532217,
          0.949535876514321,
          0.0,
          0.9443462211611511,
          0.9322644586916411,
          0.9439422988690322,
          0.9387980701107309,
          0.9448870348478488,
          0.9451127100667974,
          0.9474645048109147,
          0.9469725032118583,
          0.9450907844271847,
          0.9470344189223338,
          0.9444770932308442,
          0.94195317027295,
          0.9449176975376254,
          0.9453145919661506,
          0.9459592338696533,
          0.9461691115489326,
          0.9434804409520009,
          0.9457602189049019,
          0.9448671652703917,
          0.9437760653103499,
          1.7204303905221592,
          1.3329149765809332,
          0.9448871859616502,
          0.944884916286203,
          0.9448057041180836,
          0.9448724308601887,
          0.9450151430911986,
          0.944853501338159,
          1.8215660761669814,
          0.9448205715489151,
          0.9454437013848762,
          1.0445182624316929,
          1.4100362435531826,
          0.9448359970633863,
          0.9455594049123276,
          0.9449279993040359,
          0.9445446863740548,
          0.9427344180980262,
          0.9448369804418048,
          0.9445147305790009,
          0.9041227153305148,
          0.9428930874656996,
          0.9448680619092175
        ],
        [
          0.9500737920949406,
          0.9454931303294174,
          0.9444968686127965,
          0.9443193212493444,
          0.9443462211611511,
          0.0,
          4.586753675211104,
          0.9461714463245028,
          0.9388068623904331,
          0.9444754992121107,
          0.9445736990831063,
          0.9444969809227661,
          0.945021615700311,
          0.9444978506882689,
          0.9444926647621139,
          0.9445998784755079,
          1.3964271947185514,
          0.9444961713286435,
          0.9448816559467339,
          0.9444707674603352,
          0.9444875192937079,
          0.9441596392989092,
          0.944692769706249,
          0.9445600432792289,
          1.0154200605565702,
          0.9422331759154345,
          0.9429603304578144,
          0.9446748498217474,
          0.9445008180958037,
          0.9445755415879301,
          0.9445815012130183,
          0.9449554846841501,
          0.9445703190674338,
          0.9442075858515453,
          0.9445008265178825,
          0.9447040114814782,
          0.9431011422918135,
          0.9437890354829331,
          0.9445040664744128,
          0.9448563874736791,
          0.9446718812462588,
          0.9451789110287394,
          0.9486602208715476,
          0.94449050565257,
          0.9448939832439002,
          2.3965833097738303,
          0.9429500309056172,
          0.9446766352897624
        ],
        [
          1.1649256221423925,
          0.9420556223276324,
          0.9324458633323558,
          0.9321815225622954,
          0.9322644586916411,
          4.586753675211104,
          0.0,
          1.6226325200549248,
          1.3272654544629354,
          0.9324425468146166,
          0.9326931679084497,
          0.932490997983417,
          1.186663765407974,
          0.9324591763531263,
          1.11874494947276,
          1.0611806559709072,
          2.4189993599959236,
          0.9324819185041872,
          0.9346887159922008,
          0.932480035438175,
          0.9356929273362042,
          2.3476582907909425,
          0.9338025803017632,
          0.9342485031635804,
          3.445051440101981,
          0.9365479905802189,
          0.9345862688298576,
          0.9337022395811442,
          0.9325582977123733,
          1.1008474156483028,
          0.9342095805402527,
          0.9356493213657139,
          0.9342319369655598,
          0.9337977470147256,
          0.9330174880654603,
          0.9343370671203475,
          2.497735910676612,
          0.9416900053706685,
          0.9327415294184789,
          0.9350863966348673,
          0.9335203164177551,
          1.6195987267612653,
          3.180705229196587,
          0.9324412547018942,
          0.9419407904913107,
          46.14914096898007,
          0.93569155050013,
          0.9336570729064685
        ],
        [
          0.9445111629991415,
          0.94533480530346,
          0.9440604906890165,
          0.9439320546572053,
          0.9439422988690322,
          0.9461714463245028,
          1.6226325200549248,
          0.0,
          0.9393562593848167,
          0.9440412263363204,
          0.9441626241992107,
          0.9440646303934147,
          0.9445423088979046,
          0.9440707330379791,
          0.943502755384585,
          0.944667770939107,
          0.9440018227511083,
          0.9440648045535761,
          0.9443480857293459,
          0.9440404221530859,
          0.9442470631247457,
          0.9440641815703601,
          0.9443634166124016,
          0.9442206073906405,
          0.9438396695010604,
          0.9423060357484527,
          0.9428415201323742,
          1.2120238412266442,
          0.944068818806145,
          0.9442924773212268,
          0.9442392718311277,
          0.9446050931543337,
          0.9442291097113247,
          0.9439882322106647,
          0.9440867952088463,
          0.9443639751933094,
          0.9415399910459072,
          0.9433854644031284,
          0.9440685205174276,
          0.9445300534741442,
          0.9442667069615784,
          0.9990584034760934,
          0.9431357919147176,
          0.9440543108755075,
          0.9449197787817815,
          3.4178248442032753,
          0.9429132328349602,
          0.9441894939039875
        ],
        [
          0.9366970343142803,
          2.41228156295377,
          0.9341021672148638,
          0.9389534970780766,
          0.9387980701107309,
          0.9388068623904331,
          1.3272654544629354,
          0.9393562593848167,
          0.0,
          0.9344228999249449,
          0.9343091533083016,
          0.9343225728150694,
          1.230513826728291,
          0.9348491671948408,
          1.2482354854046578,
          0.9416867394940526,
          9.48746236358669,
          0.9342498752443636,
          1.7838867650625045,
          0.9342834126489536,
          0.9510884047799275,
          3.025738049938851,
          1.962319219856852,
          0.9452948114257477,
          0.9389753994276941,
          6.258693592076321,
          2.8884784790347986,
          0.9351274035577217,
          0.93435630391042,
          0.9367048986685768,
          0.9358564743754345,
          1.195660457686931,
          0.9358446155435108,
          2.6092416349281407,
          1.4019623617775039,
          0.9397044401927566,
          5.800636938576608,
          0.9336272647864292,
          0.9342796763785057,
          1.3351640383866568,
          0.9350174982659797,
          0.9366973521686583,
          1.4581635526164578,
          0.9340879884318872,
          1.7734182948806494,
          3.5198466129155292,
          5.841879651716452,
          0.9359133016530852
        ],
        [
          0.9449705539919403,
          0.9445790405250079,
          0.9449969213844638,
          0.9447915974468443,
          0.9448870348478488,
          0.9444754992121107,
          0.9324425468146166,
          0.9440412263363204,
          0.9344228999249449,
          0.0,
          0.9451522663116495,
          0.9449974142269065,
          0.9446912898946175,
          0.9450119961006802,
          0.9437277273678554,
          0.944547412246898,
          0.9420059784564067,
          0.9450099473546469,
          0.9451102758187013,
          0.9449560210771552,
          0.9447560136154038,
          0.9432829734236375,
          0.9454269939712067,
          0.9449669579936304,
          0.9438975569942663,
          0.9413999889140421,
          1.8853668791481406,
          0.9450301547268678,
          0.9450015920994679,
          0.9449314265881549,
          0.9450036352978647,
          0.9451485306621955,
          0.9449849973786535,
          0.9447839108358078,
          0.9449654938473867,
          0.9452031089937803,
          0.9392557927799542,
          0.9438711359799806,
          0.9449867100458686,
          0.9453365808140843,
          0.9450730253923316,
          0.9446635309474912,
          0.9428177569368764,
          0.9449873411800819,
          0.9445892834280231,
          0.904618287240301,
          0.9424231202181318,
          0.9450106006178299
        ],
        [
          0.9451301664559856,
          0.9447071940763494,
          0.9451862879343315,
          0.9449853516354343,
          0.9451127100667974,
          0.9445736990831063,
          0.9326931679084497,
          0.9441626241992107,
          0.9343091533083016,
          0.9451522663116495,
          0.0,
          0.9451857829705534,
          0.9450374983888601,
          0.9451995168266294,
          1.1834298477393155,
          0.9446336904090101,
          0.9425038096172492,
          0.9453395176881175,
          0.9452366089689103,
          0.9451446405808066,
          0.9452238381676346,
          0.9433794884509922,
          0.9454272660696819,
          0.9451296519073936,
          0.9442052677631095,
          0.9413482358838087,
          0.9426475629881544,
          0.9452025207790704,
          0.9451834885091995,
          0.945077112020368,
          0.9451663246024944,
          0.9453043083629279,
          0.9451477923646917,
          0.9448303784014858,
          0.9451463530229813,
          0.9453634706053402,
          0.939261672751395,
          1.3570452500690005,
          0.9451740648097695,
          0.9453736740238778,
          0.9452486399918186,
          0.9448283940720111,
          0.9451676825361567,
          0.9451766701931804,
          0.9448685046635932,
          0.9049017877789998,
          0.9425832241368871,
          0.9451921577681912
        ],
        [
          0.9449983771988935,
          0.94476820805153,
          0.9450308905846053,
          0.9493814161549798,
          0.9474645048109147,
          0.9444969809227661,
          0.932490997983417,
          0.9440646303934147,
          0.9343225728150694,
          0.9449974142269065,
          0.9451857829705534,
          0.0,
          0.944710202350608,
          0.9450723606363097,
          0.9438160287154752,
          0.9445637001591095,
          0.9419861308310508,
          0.9450437342725928,
          0.9451882475452128,
          0.9498620007870416,
          0.9447859333154054,
          0.9433205970271251,
          0.9453570017231196,
          0.9449968133888605,
          0.9439294261542985,
          0.9504788821432271,
          0.9426471774766061,
          0.945061358070535,
          0.9450299773241456,
          0.944958380967283,
          0.9450328542468532,
          0.9451767481957046,
          0.9450142838419336,
          1.406631831071438,
          0.9449980375536837,
          0.9453353073115728,
          0.9393567872677094,
          0.9439121479904681,
          0.9450202626352062,
          0.9452871002538656,
          0.9451048383171865,
          0.9446924756762214,
          0.9428536675150859,
          0.9450213613232618,
          0.9446087204352176,
          0.90474758540467,
          0.9426092860811429,
          0.9450428002565862
        ],
        [
          0.9448701096198014,
          0.9458972515128906,
          0.9447268200371954,
          0.9445609412607231,
          0.9469725032118583,
          0.945021615700311,
          1.186663765407974,
          0.9445423088979046,
          1.230513826728291,
          0.9446912898946175,
          0.9450374983888601,
          0.944710202350608,
          0.0,
          0.944723066643926,
          1.4073381346459315,
          0.9449936942412105,
          0.9443262960029782,
          0.9447905927100083,
          0.9454497592094397,
          0.9446797147475432,
          1.782012769647239,
          0.944794855978411,
          0.9455123279823242,
          0.9448093285475284,
          0.9536486236529542,
          0.9425759099339521,
          1.8891676478201698,
          0.9448398429795772,
          0.9447174101649338,
          0.9448507786627101,
          0.9448316378098948,
          1.3333339046613037,
          0.944818389068608,
          0.9448971463047781,
          0.9447182546379783,
          0.9449895463777587,
          0.9412755614326783,
          1.2858063220899125,
          0.9447058944062553,
          0.9472148127354256,
          1.3296245819676198,
          0.944721619398896,
          0.9434249541750446,
          1.4170498030181802,
          1.5886901165755403,
          2.3170563104196935,
          0.9432486894870347,
          0.9447960237446759
        ],
        [
          0.94501062872926,
          0.9447654870555199,
          0.9450449235332308,
          0.9450616538142397,
          0.9450907844271847,
          0.9444978506882689,
          0.9324591763531263,
          0.9440707330379791,
          0.9348491671948408,
          0.9450119961006802,
          0.9451995168266294,
          0.9450723606363097,
          0.944723066643926,
          0.0,
          0.9438248594143428,
          0.9445688479593068,
          0.9420065231591999,
          0.9450579012289065,
          0.9452795263866453,
          0.9450301982545708,
          0.9447956901737867,
          0.9433564912076327,
          0.9455720377602606,
          0.945009331168289,
          0.9439386865253355,
          1.1413570585520916,
          1.4147970085278092,
          0.9450739405048252,
          0.9450461265090286,
          0.9449685702544935,
          0.9450449621004858,
          0.9451878437869561,
          0.945026341010906,
          1.3023348800021861,
          0.9450114746531569,
          0.9453351596144133,
          0.9395621627722779,
          0.9439202955497903,
          0.9450340910922362,
          0.9454352356574324,
          0.9451174388951729,
          0.9447043437613971,
          0.9428581544791084,
          0.9450353713466165,
          0.9446143691163712,
          0.9046727984796847,
          0.9426856366286489,
          0.9450564069340932
        ],
        [
          0.9441726163534834,
          0.9446347682704226,
          0.9437631868369382,
          0.9436726741630669,
          0.9470344189223338,
          0.9444926647621139,
          1.11874494947276,
          0.943502755384585,
          1.2482354854046578,
          0.9437277273678554,
          1.1834298477393155,
          0.9438160287154752,
          1.4073381346459315,
          0.9438248594143428,
          0.0,
          0.9441562540814794,
          1.7329835261019317,
          1.2318622691801377,
          0.9443116139087708,
          0.9437758726439488,
          1.4495879896097932,
          0.9433767188909523,
          0.9443296819984063,
          0.9439175903909609,
          1.0736382013115195,
          0.9424051591484833,
          0.9425106436715079,
          0.9438898844482329,
          0.9437701289964798,
          0.9439878267046296,
          0.9439460447424511,
          0.9443169325856771,
          0.9439282129946863,
          1.1189239177210903,
          0.9438375756244588,
          0.9442082188233881,
          0.9398393343482193,
          4.217096156229613,
          0.943924570850211,
          0.9442390133625228,
          0.9439971862080714,
          0.9438367042230188,
          1.472361104840921,
          0.9437531947967767,
          1.8631545294150944,
          0.9187749496892488,
          0.9425523416184322,
          0.9439772059807139
        ],
        [
          0.9446680487781779,
          0.9463535704688057,
          0.9445616869772439,
          0.9444674820666645,
          0.9444770932308442,
          0.9445998784755079,
          1.0611806559709072,
          0.944667770939107,
          0.9416867394940526,
          0.944547412246898,
          0.9446336904090101,
          0.9445637001591095,
          0.9449936942412105,
          0.9445688479593068,
          0.9441562540814794,
          0.0,
          1.2947557443651774,
          0.9445654905775077,
          0.9470551672162743,
          0.9445457324541878,
          0.9446526358543899,
          0.9445132804588703,
          0.9448101792558192,
          0.9446174935150381,
          0.9443958617928665,
          0.9432177407978624,
          0.9436390310123637,
          0.9447031757133442,
          0.9445656671293253,
          0.9446334067090991,
          0.9446311162425126,
          0.9451029699397395,
          0.944624559416238,
          0.9444952131399972,
          0.9445697482414184,
          0.944721140409176,
          0.942393088792683,
          0.9440712012395363,
          0.9445652991269387,
          0.9450266482881582,
          0.9447520468362017,
          0.9447648696017255,
          0.9437827697848817,
          0.9445572757292804,
          0.9452561570771667,
          6.050611535478987,
          0.9436670568499838,
          0.9471558556849187
        ],
        [
          1.3984801072080573,
          1.133944141611844,
          0.9419739278255551,
          0.9419955454237652,
          0.94195317027295,
          1.3964271947185514,
          2.4189993599959236,
          0.9440018227511083,
          9.48746236358669,
          0.9420059784564067,
          0.9425038096172492,
          0.9419861308310508,
          0.9443262960029782,
          0.9420065231591999,
          1.7329835261019317,
          1.2947557443651774,
          0.0,
          0.9421216765798193,
          1.2235730747884312,
          0.9419700579768677,
          0.9459984154980284,
          1.6169717821386629,
          0.9437073101626627,
          0.9426870777486411,
          1.2545185187550634,
          0.958658983112778,
          1.054977826675316,
          0.942390077797256,
          0.9420206815026273,
          0.9429338276635854,
          0.9426156475317096,
          0.9440390294286777,
          0.9426095797107306,
          0.9495487287741307,
          0.9421639595143789,
          0.9427704773421994,
          1.3233422491774054,
          0.9581466706169331,
          1.4128853946468325,
          0.9445736825408775,
          0.9423625224879074,
          0.9433292831162536,
          0.9769553204951748,
          0.9419648513021284,
          1.419931111123762,
          4.877903302264909,
          0.9452122617581108,
          1.2576316916651904
        ],
        [
          0.9450091786831334,
          0.9446066372124501,
          0.9450434311318625,
          0.9448378346542733,
          0.9449176975376254,
          0.9444961713286435,
          0.9324819185041872,
          0.9440648045535761,
          0.9342498752443636,
          0.9450099473546469,
          0.9453395176881175,
          0.9450437342725928,
          0.9447905927100083,
          0.9450579012289065,
          1.2318622691801377,
          0.9445654905775077,
          0.9421216765798193,
          0.0,
          0.9451300407905711,
          0.9450021596923182,
          0.9448890710440031,
          0.9432957085766107,
          0.9453834240192478,
          0.9450066862521909,
          0.944022166965142,
          0.9413107112743044,
          1.4137971512447856,
          0.9450728121013634,
          0.9450444682265358,
          0.9449669943873005,
          0.945043647570227,
          0.9451877527440075,
          0.9450249245785769,
          0.944772320057243,
          0.9450097556751877,
          0.9452432671052144,
          0.9391922000051068,
          1.1522382745523083,
          0.9450325974027859,
          0.9453164558066335,
          0.9451166987925004,
          0.944701426637444,
          0.9429191908121227,
          0.9450338314926899,
          0.9446298557855619,
          0.9044377860965905,
          0.9424460895904453,
          0.9450550932290462
        ],
        [
          0.9451726690626653,
          0.9459034424701372,
          0.9450960501625292,
          0.9451896169491438,
          0.9453145919661506,
          0.9448816559467339,
          0.9346887159922008,
          0.9443480857293459,
          1.7838867650625045,
          0.9451102758187013,
          0.9452366089689103,
          0.9451882475452128,
          0.9454497592094397,
          0.9452795263866453,
          0.9443116139087708,
          0.9470551672162743,
          1.2235730747884312,
          0.9451300407905711,
          0.0,
          0.9451488506656431,
          0.9449570925210258,
          0.9441880677014639,
          0.9490373634219716,
          0.9451019780464095,
          0.9442822898628052,
          1.9567366407696831,
          1.0004643500493295,
          0.9451444111246357,
          0.9451171059934178,
          0.9450706804843859,
          0.9451232448817427,
          0.9457201099979567,
          0.9451063758231996,
          1.3097804598019,
          0.9450911678108721,
          0.9454141083996828,
          0.9418242566666722,
          0.9440777706907476,
          0.9451318765964767,
          0.9459247711246828,
          0.9451875116817146,
          0.9448521877208886,
          0.9432284723650487,
          0.9450871899977743,
          0.9457879104635664,
          1.1032137868217742,
          1.138740080316538,
          0.9652336705404214
        ],
        [
          0.9449649604582973,
          0.944736650812224,
          0.9449895092396308,
          0.9466475130466988,
          0.9459592338696533,
          0.9444707674603352,
          0.932480035438175,
          0.9440404221530859,
          0.9342834126489536,
          0.9449560210771552,
          0.9451446405808066,
          0.9498620007870416,
          0.9446797147475432,
          0.9450301982545708,
          0.9437758726439488,
          0.9445457324541878,
          0.9419700579768677,
          0.9450021596923182,
          0.9451488506656431,
          0.0,
          0.9447516727866029,
          0.9433000933751073,
          0.9453178350938569,
          0.9449612206841208,
          0.9438959076908973,
          0.9463894012288308,
          0.9426030698577386,
          0.9450231484921199,
          0.9449889705574926,
          0.9449255518548019,
          0.9449972485188507,
          0.9451414195449563,
          0.9449786670429071,
          1.4090039739046143,
          0.944958523264141,
          0.945299595835647,
          0.939330460775998,
          0.9438677594857202,
          0.944979436851814,
          0.9452491940468252,
          0.9450656621557285,
          0.9446593549706275,
          0.942818079129831,
          0.9449799513970313,
          0.944587684260355,
          0.9047173145135923,
          0.942589324391434,
          0.9450037186086075
        ],
        [
          0.9448407886612331,
          0.9728898135063685,
          0.9456515277956146,
          0.9446316816117283,
          0.9461691115489326,
          0.9444875192937079,
          0.9356929273362042,
          0.9442470631247457,
          0.9510884047799275,
          0.9447560136154038,
          0.9452238381676346,
          0.9447859333154054,
          1.782012769647239,
          0.9447956901737867,
          1.4495879896097932,
          0.9446526358543899,
          0.9459984154980284,
          0.9448890710440031,
          0.9449570925210258,
          0.9447516727866029,
          0.0,
          0.9437722463446485,
          0.9450686631097969,
          0.944807114325855,
          0.9441633603960876,
          0.9418426983069064,
          0.9429262772601262,
          0.9448686103500016,
          0.9447850826468,
          0.9447990088288762,
          0.9448360572792586,
          0.9454843870039881,
          0.9448208908525361,
          0.9455096059222315,
          0.9447750586282626,
          0.9449967004193682,
          0.9402700584124631,
          1.6499326706544803,
          0.9447791296588597,
          0.9451254524889876,
          1.3089794278944622,
          0.9446462310879984,
          0.943204558784553,
          0.944845105757044,
          1.8636234551311943,
          1.887040775428098,
          0.942856625074271,
          0.9448455172649488
        ],
        [
          0.9437795389664524,
          1.4197602311010118,
          0.9432973014507002,
          0.9433515741017241,
          0.9434804409520009,
          0.9441596392989092,
          2.3476582907909425,
          0.9440641815703601,
          3.025738049938851,
          0.9432829734236375,
          0.9433794884509922,
          0.9433205970271251,
          0.944794855978411,
          0.9433564912076327,
          0.9433767188909523,
          0.9445132804588703,
          1.6169717821386629,
          0.9432957085766107,
          0.9441880677014639,
          0.9433000933751073,
          0.9437722463446485,
          0.0,
          0.9443306558546567,
          0.9437726174227516,
          0.9436380656941352,
          1.8029358522720567,
          0.9439712034782927,
          0.9435342698418936,
          0.9433130429611195,
          0.9437140707441786,
          0.943595276051822,
          0.9442602565748527,
          0.9435873445423634,
          1.0129232250885924,
          0.9434007605331386,
          0.944543323620522,
          4.526639256862684,
          0.9427299065939776,
          0.9433527963376929,
          0.9449475493378156,
          0.943539301113896,
          0.9437856730505342,
          0.9430861175407759,
          0.9432916924294741,
          0.9450137236852109,
          4.105535198306252,
          2.096909920564883,
          0.9435506586367098
        ],
        [
          0.9452415348082116,
          0.947255113977224,
          0.9452821175283114,
          0.9456383312978951,
          0.9457602189049019,
          0.944692769706249,
          0.9338025803017632,
          0.9443634166124016,
          1.962319219856852,
          0.9454269939712067,
          0.9454272660696819,
          0.9453570017231196,
          0.9455123279823242,
          0.9455720377602606,
          0.9443296819984063,
          0.9448101792558192,
          0.9437073101626627,
          0.9453834240192478,
          0.9490373634219716,
          0.9453178350938569,
          0.9450686631097969,
          0.9443306558546567,
          0.0,
          0.9452719518020538,
          0.9442722230348319,
          1.6423497628844794,
          1.201426094795364,
          0.9452987616892279,
          0.945367142543761,
          0.9451862003907975,
          0.9452671365310555,
          0.9457633391977541,
          0.9452499249739609,
          1.0869134075465892,
          0.9453032487151832,
          0.9456661683341885,
          1.4287451203086448,
          0.9442497366560646,
          0.945269924830738,
          1.0466179320290059,
          0.9453436137048429,
          0.944967614150802,
          0.9436779413351061,
          0.9452732833609727,
          0.945521254459181,
          0.92009928681063,
          0.944847896405322,
          0.945290975069079
        ],
        [
          0.9449783060861114,
          0.944998043485942,
          0.944995669857108,
          0.9448232443268045,
          0.9448671652703917,
          0.9445600432792289,
          0.9342485031635804,
          0.9442206073906405,
          0.9452948114257477,
          0.9449669579936304,
          0.9451296519073936,
          0.9449968133888605,
          0.9448093285475284,
          0.945009331168289,
          0.9439175903909609,
          0.9446174935150381,
          0.9426870777486411,
          0.9450066862521909,
          0.9451019780464095,
          0.9449612206841208,
          0.944807114325855,
          0.9437726174227516,
          0.9452719518020538,
          0.0,
          0.9440709677567647,
          0.9432276413403341,
          0.9429749307589037,
          0.9450413465002879,
          0.9449952903327609,
          0.9449409159571214,
          0.9450026368214848,
          0.9452045093270391,
          0.9449867048887771,
          0.9451254923907738,
          0.9449739581944714,
          0.9454857554953522,
          1.4025682657397527,
          0.9440281001656476,
          0.9449872873027921,
          0.9452809389935867,
          0.9450854785983204,
          0.944738290199862,
          0.9431776526737935,
          0.9449874130458302,
          0.9447682756229633,
          1.365125040275034,
          0.9429804066694731,
          0.9450229148096493
        ],
        [
          0.9443016153926784,
          0.944611601061966,
          0.9439252486126686,
          0.9437537877915458,
          0.9437760653103499,
          1.0154200605565702,
          3.445051440101981,
          0.9438396695010604,
          0.9389753994276941,
          0.9438975569942663,
          0.9442052677631095,
          0.9439294261542985,
          0.9536486236529542,
          0.9439386865253355,
          1.0736382013115195,
          0.9443958617928665,
          1.2545185187550634,
          0.944022166965142,
          0.9442822898628052,
          0.9438959076908973,
          0.9441633603960876,
          0.9436380656941352,
          0.9442722230348319,
          0.9440709677567647,
          0.0,
          0.941357728516887,
          0.9422379141170877,
          0.9440638769452345,
          0.9439336687545582,
          0.9441163358367402,
          0.944097110928885,
          0.9443668130349367,
          0.9440823310040465,
          0.9438566707637266,
          0.9439506905163382,
          0.9442735813591157,
          0.9402530852742346,
          0.9503981591598146,
          0.9440709570557314,
          0.9443020298236002,
          0.944102991728644,
          0.944045406918499,
          0.9574164969930503,
          0.9439206083843216,
          0.9450056434254709,
          1.32441077961291,
          0.9422066360344531,
          0.9441464220979173
        ],
        [
          0.9419912743979771,
          0.9742716062106167,
          0.9412131184470843,
          2.367172657142653,
          1.7204303905221592,
          0.9422331759154345,
          0.9365479905802189,
          0.9423060357484527,
          6.258693592076321,
          0.9413999889140421,
          0.9413482358838087,
          0.9504788821432271,
          0.9425759099339521,
          1.1413570585520916,
          0.9424051591484833,
          0.9432177407978624,
          0.958658983112778,
          0.9413107112743044,
          1.9567366407696831,
          0.9463894012288308,
          0.9418426983069064,
          1.8029358522720567,
          1.6423497628844794,
          0.9432276413403341,
          0.941357728516887,
          0.0,
          2.3967968620869624,
          0.9415335487357834,
          0.9413558586831461,
          0.9419775519227545,
          0.9417706603447366,
          0.9423596330185064,
          0.9417576129838349,
          4.431498998139724,
          0.9415053146169801,
          0.9527086068138271,
          5.903034952481909,
          0.9403216620908614,
          0.9412643114286195,
          1.1341779495622588,
          0.9414708231214706,
          0.9418496414586887,
          0.941144725356228,
          0.9412041585501913,
          0.9433140243579757,
          0.9432935834278371,
          2.8164990972950323,
          0.9414951971881709
        ],
