Map from character to field name
A:	Algeria
B:	Argentina
C:	Australia
D:	Belgium
E:	Brazil
F:	Bulgaria
G:	Canada
H:	Chile
I:	China
J:	Czech Republic
K:	Denmark
L:	Egypt
M:	Finland
N:	France
O:	Georgia
P:	Germany
Q:	Guatemala
R:	Hong Kong
S:	Hungary
T:	India
U:	Indonesia
V:	Iran
W:	Ireland
X:	Italy
Y:	Japan
Z:	Kazakhstan
[:	Laos
\:	Malaysia
]:	Mexico
^:	Mongolia
_:	Netherlands
`:	Nigeria
a:	Norway
b:	Pakistan
c:	Peru
d:	Poland
e:	Romania
f:	Russia
g:	Singapore
h:	South Africa
i:	South Korea
j:	Spain
k:	Sri Lanka
l:	Sweden
m:	Switzerland
n:	Taiwan
o:	Thailand
p:	United Kingdom
q:	Uruguay
r:	Usa
s:	Vietnam
t:	Zambia
u:	?


Substitution rate (mu): 17.171585

Equilibrium frequencies (pi_i):
  A: 0.0225
  B: 0.0146
  C: 0.0209
  D: 0.0245
  E: 0.017
  F: 0.0228
  G: 0.0035
  H: 0.0148
  I: 0.014
  J: 0.0231
  K: 0.0221
  L: 0.0225
  M: 0.0227
  N: 0.0137
  O: 0.0231
  P: 0.0204
  Q: 0.0172
  R: 0.0089
  S: 0.0237
  T: 0.0216
  U: 0.0204
  V: 0.0221
  W: 0.0211
  X: 0.0235
  Y: 0.0094
  Z: 0.0217
  [: 0.0226
  \: 0.0203
  ]: 0.0147
  ^: 0.0131
  _: 0.0222
  `: 0.0219
  a: 0.022
  b: 0.0218
  c: 0.0218
  d: 0.023
  e: 0.0228
  f: 0.0194
  g: 0.0216
  h: 0.0206
  i: 0.0103
  j: 0.0226
  k: 0.0223
  l: 0.0217
  m: 0.0227
  n: 0.0205
  o: 0.0198
  p: 0.0125
  q: 0.0213
  r: 0.0084
  s: 0.0178
  t: 0.0203

Symmetrized rates from j->i (W_ij):
	A	B	C	D	E	F	G	H	I	J	K	L	M	N	O	P	Q	R	S	T	U	V	W	X	Y	Z	[	\	]	^	_	`	a	b	c	d	e	f	g	h	i	j	k	l	m	n	o	p	q	r	s	t
  A	0	0.958	0.956	0.958	0.9811	0.9585	0.9373	0.9621	0.9352	0.9586	0.9586	0.9585	0.9585	1.9202	0.9586	0.9556	0.9586	0.9509	0.9584	0.9583	0.9583	0.9585	0.9585	0.9559	1.0921	0.9585	0.9586	0.9584	0.955	0.9512	0.9578	0.9586	0.9587	0.9585	0.9585	0.9583	0.9586	0.9562	0.9585	0.9586	0.9511	0.9558	0.9586	0.9586	0.9586	0.9572	0.9543	0.9562	0.9586	0.9817	0.9545	0.9586
  B	0.958	0	0.9563	0.9574	1.1623	0.9576	0.9662	1.6753	0.9435	0.9577	0.9578	0.9577	0.9576	1.0998	0.9577	0.9561	0.9579	0.9631	0.9576	0.9576	0.9576	0.9577	0.9576	0.9559	0.9568	0.9577	0.9577	0.9576	0.9558	0.9533	0.9575	0.9578	0.9578	0.9577	0.9577	0.9575	0.9577	0.9563	0.9577	0.9578	0.9544	0.9559	0.9577	0.9578	0.9577	0.957	0.9556	0.9566	1.1145	3.4683	0.9553	0.9578
  C	0.956	0.9563	0	0.9552	0.9555	0.9557	0.9382	0.9564	1.4056	0.9559	0.9562	0.9557	0.9557	0.9559	0.9558	0.9539	0.9566	1.8911	0.9555	0.9557	0.9559	0.9559	0.9557	0.9532	1.4389	0.9559	0.9558	0.9568	0.9536	0.9505	0.9557	0.9559	0.9561	0.9559	0.9559	0.9554	0.9558	0.9961	0.9559	0.9561	0.9506	0.9532	0.9559	0.9562	0.9559	0.9548	1.1545	0.9553	0.956	1.174	0.9528	0.9561
  D	0.958	0.9574	0.9552	0	0.9565	0.9579	0.9346	0.9572	0.9336	0.9607	0.9635	0.9577	0.9592	1.3649	0.9579	1.1148	0.958	1.2419	1.8554	0.9575	0.9576	0.9578	0.9578	1.1946	0.9551	0.9578	0.9577	0.9577	0.9542	0.9502	3.0041	0.9578	0.958	0.9578	0.9577	0.9575	0.9578	1.4039	0.9578	0.9579	0.9498	2.5035	0.9578	0.9588	0.9581	0.9564	1.0118	0.9594	0.9579	0.9549	0.9535	0.9579
  E	0.9811	1.1623	0.9555	0.9565	0	0.9569	0.9457	1.0498	0.9432	0.957	0.9571	0.957	0.9569	0.985	0.957	0.9553	0.9578	0.965	0.9568	0.9569	0.9571	0.957	0.9571	0.9549	1.0746	0.9571	0.9571	0.9572	0.9555	0.9523	0.9567	0.9573	0.9572	0.9571	0.9571	0.9568	0.957	0.9556	0.9571	0.9573	0.9575	0.9549	0.9571	0.9572	0.9571	0.9563	0.9546	0.9566	1.0869	2.4587	0.9545	0.9573
  F	0.9585	0.9576	0.9557	0.9579	0.9569	0	0.9357	0.9573	0.9342	0.9601	0.9585	0.9583	0.9659	0.9566	0.9586	0.9554	0.9584	0.9497	0.9583	0.9582	0.9582	0.9584	0.9581	0.9556	0.9548	0.9584	0.9584	0.9582	0.9547	0.951	0.9599	0.9584	0.9586	0.9584	0.9584	0.9581	0.9584	1.387	0.9584	0.9584	0.9503	0.9556	0.9584	0.9589	1.0297	0.957	0.954	0.9558	0.9584	0.9077	0.9542	0.9584
  G	0.9373	0.9662	0.9382	0.9346	0.9457	0.9357	0	0.9577	0.9512	0.9354	0.9365	0.936	0.9357	0.9479	0.9354	0.9385	0.9419	0.9741	0.9348	0.9369	0.9383	0.9364	0.9374	0.9347	1.4842	0.9368	0.9358	0.9382	1.9422	0.9447	0.9374	0.9368	0.9365	0.9367	1.405	0.9354	0.9357	0.9387	0.9369	0.938	1.0365	0.9355	0.9362	0.9369	0.9358	0.9384	0.9407	0.9465	0.9372	37.7936	0.9854	0.9382
  H	0.9621	1.6753	0.9564	0.9572	1.0498	0.9573	0.9577	0	0.9483	0.9574	0.9575	0.9574	0.9573	1.0197	0.9574	0.9566	0.9586	0.9683	0.9573	0.9574	0.9579	0.9574	0.9577	0.9557	1.0184	0.9575	0.9575	0.9578	0.957	0.9536	0.9574	1.3178	0.9576	0.9575	0.9575	0.9573	0.9575	0.9562	0.9575	0.9578	0.9592	0.9556	0.9575	0.9576	0.9574	0.9571	0.9559	0.9582	0.9578	3.6506	0.9555	0.9579
  I	0.9352	0.9435	1.4056	0.9336	0.9432	0.9342	0.9512	0.9483	0	0.9344	1.2181	0.9343	0.9342	1.5248	0.9338	0.9448	0.9405	7.7804	0.9329	1.6829	0.9366	1.1836	0.9398	1.4555	2.7532	1.4441	0.9341	0.937	0.9425	6.6137	1.3195	0.9351	1.2359	1.3184	0.935	0.9377	0.934	2.7747	1.4028	0.9366	6.8942	0.9328	0.9345	1.5387	0.9343	0.9359	1.8375	1.6528	0.9356	3.8202	4.0617	0.9368
  J	0.9586	0.9577	0.9559	0.9607	0.957	0.9601	0.9354	0.9574	0.9344	0	0.9587	0.9585	0.97	0.9567	1.3458	0.9556	0.9585	0.9498	0.9585	0.9584	0.9583	0.9586	0.9583	0.9558	0.9548	0.9586	0.9586	0.9583	0.9547	0.9511	0.9808	0.9586	0.9588	0.9586	0.9585	0.9582	0.9586	1.7543	0.9586	0.9586	0.9503	0.9558	0.9586	1.4224	0.9604	0.9571	0.9541	0.9558	0.9586	0.9071	0.9543	0.9585
  K	0.9586	0.9578	0.9562	0.9635	0.9571	0.9585	0.9365	0.9575	1.2181	0.9587	0	0.9585	0.9585	0.957	0.9586	1.0701	0.9585	1.2783	0.9585	0.9583	0.9583	0.9585	0.9582	0.9566	0.9555	0.9585	0.9585	0.9584	0.9549	0.9522	0.9971	0.9585	0.9588	0.9586	0.9585	0.9582	0.9585	1.1544	0.9585	0.9585	0.9508	0.9567	0.9586	0.9588	0.9586	0.9572	0.9551	0.9563	0.9585	0.9115	0.9546	0.9585
  L	0.9585	0.9577	0.9557	0.9577	0.957	0.9583	0.936	0.9574	0.9343	0.9585	0.9585	0	0.9583	0.9566	0.9585	0.9554	0.9584	0.9497	0.9583	0.9582	0.9582	0.9584	0.9581	0.9556	0.9548	0.9585	0.9584	0.9582	0.9548	1.4195	0.9577	0.9585	0.9586	0.9584	0.9584	0.9581	0.9584	0.9645	0.9584	0.9584	0.9505	0.9556	0.9584	0.9585	0.9585	0.957	0.9541	0.9558	0.9585	0.9083	0.9543	0.9584
  M	0.9585	0.9576	0.9557	0.9592	0.9569	0.9659	0.9357	0.9573	0.9342	0.97	0.9585	0.9583	0	0.9566	0.9585	0.9554	0.9584	0.9497	0.9583	0.9582	0.9582	0.9584	0.9581	0.9556	0.9548	0.9584	0.9584	0.9582	0.9547	0.951	0.9702	0.9584	0.9586	0.9584	0.9584	0.9581	0.9584	1.4332	0.9584	0.9584	0.9503	0.9556	0.9584	0.9618	0.9664	0.957	0.954	0.9558	0.9584	0.9077	0.9542	0.9584
  N	1.9202	1.0998	0.9559	1.3649	0.985	0.9566	0.9479	1.0197	1.5248	0.9567	0.957	0.9566	0.9566	0	0.9567	1.1778	0.9574	1.64	0.9567	0.9601	0.9568	0.9567	2.6372	1.1891	1.1595	0.9585	0.9567	0.9569	0.9558	0.9633	1.2423	0.9569	0.957	0.9569	0.9567	1.8781	1.4357	0.9563	0.9569	0.9569	0.9593	1.0203	0.9567	0.997	0.9567	0.9562	0.9638	1.6504	0.9569	4.6374	0.9557	0.957
  O	0.9586	0.9577	0.9558	0.9579	0.957	0.9586	0.9354	0.9574	0.9338	1.3458	0.9586	0.9585	0.9585	0.9567	0	0.9555	0.9585	0.9497	0.9584	0.9583	0.9583	0.9585	0.9582	0.9557	0.9548	0.9585	0.9585	0.9583	0.9547	0.951	0.9581	0.9586	0.9587	0.9585	0.9585	0.9582	0.9585	1.5946	0.9585	0.9585	0.9503	0.9558	0.9585	0.9588	0.9587	0.9571	0.954	0.9558	0.9586	0.907	0.9542	0.9585
  P	0.9556	0.9561	0.9539	1.1148	0.9553	0.9554	0.9385	0.9566	0.9448	0.9556	1.0701	0.9554	0.9554	1.1778	0.9555	0	0.9563	1.6998	1.1922	0.9554	0.9559	0.9555	0.9556	2.8119	0.9645	0.9556	0.9555	0.9558	0.9534	0.9502	3.5819	0.9556	0.9557	0.9556	0.9556	0.9552	0.9555	0.9568	0.9556	0.9558	0.9505	5.3754	0.9557	1.0108	0.9555	0.9555	0.9822	1.3771	0.9557	1.6744	0.9526	0.9558
  Q	0.9586	0.9579	0.9566	0.958	0.9578	0.9584	0.9419	0.9586	0.9405	0.9585	0.9585	0.9584	0.9584	0.9574	0.9585	0.9563	0	0.96	0.9583	0.9583	0.9583	0.9584	0.9583	0.9563	0.957	0.9584	0.9585	0.9583	0.9558	0.9528	0.958	0.9585	0.9586	0.9585	0.9584	0.9582	0.9585	0.9567	0.9585	0.9585	0.9526	0.9563	0.9585	0.9585	0.9585	0.9575	0.9555	0.9566	0.9585	2.2978	0.9554	0.9587
  R	0.9509	0.9631	1.8911	1.2419	0.965	0.9497	0.9741	0.9683	7.7804	0.9498	1.2783	0.9497	0.9497	1.64	0.9497	1.6998	0.96	0	0.9496	0.9503	0.9524	0.9501	0.9506	1.2565	4.6614	0.9502	0.9498	1.4207	0.9525	0.9622	1.3247	0.9502	0.9507	0.9504	0.95	0.9496	0.9497	1.8321	0.9502	0.9508	1.3081	0.9509	1.4229	1.0862	0.9498	0.9584	1.2338	1.4293	0.9504	4.2481	1.427	0.9515
  S	0.9584	0.9576	0.9555	1.8554	0.9568	0.9583	0.9348	0.9573	0.9329	0.9585	0.9585	0.9583	0.9583	0.9567	0.9584	1.1922	0.9583	0.9496	0	0.9581	0.9581	0.9583	0.958	0.9558	0.9546	0.9583	0.9583	0.9581	0.9545	0.9506	0.9587	0.9584	0.9585	0.9583	0.9583	0.958	0.9583	1.434	0.9583	0.9583	0.95	1.384	0.9583	0.9584	0.9585	0.9569	0.9539	0.9557	0.9584	0.9059	0.954	0.9583
  T	0.9583	0.9576	0.9557	0.9575	0.9569	0.9582	0.9369	0.9574	1.6829	0.9584	0.9583	0.9582	0.9582	0.9601	0.9583	0.9554	0.9583	0.9503	0.9581	0	0.958	0.9742	0.958	0.9556	0.9551	0.9631	0.9582	0.958	0.9548	1.921	0.9576	0.9583	0.9586	0.9583	0.9582	0.958	0.9583	1.192	0.9583	0.9582	0.9509	0.9556	0.9583	0.9624	0.9583	0.9569	0.9542	0.9587	0.9583	0.9108	1.4302	0.9582
  U	0.9583	0.9576	0.9559	0.9576	0.9571	0.9582	0.9383	0.9579	0.9366	0.9583	0.9583	0.9582	0.9582	0.9568	0.9583	0.9559	0.9583	0.9524	0.9581	0.958	0	0.9582	0.958	0.9557	0.9655	0.9582	0.9582	0.9581	0.955	0.9516	0.9576	0.9583	0.9584	0.9582	0.9582	0.9579	0.9582	0.9561	0.9582	0.9582	0.9512	0.9557	0.9583	0.9583	0.9583	0.9571	0.9545	0.956	0.9583	1.3564	0.9545	0.9582
  V	0.9585	0.9577	0.9559	0.9578	0.957	0.9584	0.9364	0.9574	1.1836	0.9586	0.9585	0.9584	0.9584	0.9567	0.9585	0.9555	0.9584	0.9501	0.9583	0.9742	0.9582	0	0.9582	0.9557	0.955	0.9584	0.9584	0.9582	0.9548	0.9529	0.9578	0.9585	0.9587	0.9585	0.9584	0.9581	0.9585	1.1691	0.9585	0.9584	0.9507	0.9557	0.9585	0.9622	0.9586	0.9571	0.9542	0.9559	0.9585	0.9093	0.9545	0.9584
  W	0.9585	0.9576	0.9557	0.9578	0.9571	0.9581	0.9374	0.9577	0.9398	0.9583	0.9582	0.9581	0.9581	2.6372	0.9582	0.9556	0.9583	0.9506	0.958	0.958	0.958	0.9582	0	0.9558	1.0017	0.9582	0.9582	0.958	0.9549	0.9515	0.9576	0.9582	0.9584	0.9582	0.9582	0.9611	0.9582	0.956	0.9582	0.9582	0.9509	0.9557	0.9582	0.9583	0.9583	0.9569	0.9543	1.361	0.9582	1.2743	0.9544	0.9582
  X	0.9559	0.9559	0.9532	1.1946	0.9549	0.9556	0.9347	0.9557	1.4555	0.9558	0.9566	0.9556	0.9556	1.1891	0.9557	2.8119	0.9563	1.2565	0.9558	0.9556	0.9557	0.9557	0.9558	0	0.954	0.9558	0.9557	0.9557	0.9528	0.9494	2.2944	0.9558	0.9561	0.9559	0.9557	0.9554	0.9557	1.0491	0.9558	0.956	0.9491	1.967	0.9557	1.0836	0.9558	0.9545	0.9524	1.5388	0.9559	0.9718	0.9521	0.9559
  Y	1.0921	0.9568	1.4389	0.9551	1.0746	0.9548	1.4842	1.0184	2.7532	0.9548	0.9555	0.9548	0.9548	1.1595	0.9548	0.9645	0.957	4.6614	0.9546	0.9551	0.9655	0.955	1.0017	0.954	0	0.9551	1.432	0.9596	0.9558	1.4368	0.9563	0.9551	0.9552	0.9551	0.955	0.9547	0.9549	0.9944	0.9551	0.9553	2.3902	0.9537	0.9565	0.9556	0.9549	0.9599	0.956	0.9762	0.9552	7.1539	1.1374	0.9554
  Z	0.9585	0.9577	0.9559	0.9578	0.9571	0.9584	0.9368	0.9575	1.4441	0.9586	0.9585	0.9585	0.9584	0.9585	0.9585	0.9556	0.9584	0.9502	0.9583	0.9631	0.9582	0.9584	0.9582	0.9558	0.9551	0	0.9584	0.9582	0.9549	1.774	0.9803	0.9585	0.9587	0.9585	0.9584	0.9581	0.9585	1.1422	0.9584	0.9585	0.9509	0.9558	0.9585	0.9586	0.9585	0.9571	0.9544	0.9575	0.9585	0.9105	0.9546	0.9584
  [	0.9586	0.9577	0.9558	0.9577	0.9571	0.9584	0.9358	0.9575	0.9341	0.9586	0.9585	0.9584	0.9584	0.9567	0.9585	0.9555	0.9585	0.9498	0.9583	0.9582	0.9582	0.9584	0.9582	0.9557	1.432	0.9584	0	0.9583	0.9548	0.951	0.9577	0.9585	0.9587	0.9585	0.9584	0.9582	0.9585	0.9561	0.9585	0.9585	0.9506	0.9557	0.9585	0.9585	0.9585	0.9571	0.9541	0.9558	0.9585	0.9082	0.9543	0.9585
  \	0.9584	0.9576	0.9568	0.9577	0.9572	0.9582	0.9382	0.9578	0.937	0.9583	0.9584	0.9582	0.9582	0.9569	0.9583	0.9558	0.9583	1.4207	0.9581	0.958	0.9581	0.9582	0.958	0.9557	0.9596	0.9582	0.9583	0	0.9551	0.9517	0.9577	0.9583	0.9584	0.9583	0.9582	0.958	0.9583	0.9566	0.9583	0.9583	0.9513	0.9557	0.9583	0.9583	0.9583	0.957	0.9546	0.9561	0.9583	1.3694	0.9546	0.9583
  ]	0.955	0.9558	0.9536	0.9542	0.9555	0.9547	1.9422	0.957	0.9425	0.9547	0.9549	0.9548	0.9547	0.9558	0.9547	0.9534	0.9558	0.9525	0.9545	0.9548	0.955	0.9548	0.9549	0.9528	0.9558	0.9549	0.9548	0.9551	0	0.9517	0.9546	0.955	0.955	0.9549	0.9549	0.9545	0.9548	0.9538	0.9549	0.9551	1.0038	0.953	0.9548	0.955	0.9548	0.9543	0.953	0.9551	0.955	3.1887	0.9531	0.9552
  ^	0.9512	0.9533	0.9505	0.9502	0.9523	0.951	0.9447	0.9536	6.6137	0.9511	0.9522	1.4195	0.951	0.9633	0.951	0.9502	0.9528	0.9622	0.9506	1.921	0.9516	0.9529	0.9515	0.9494	1.4368	1.774	0.951	0.9517	0.9517	0	0.9775	0.9513	0.9537	0.9538	0.9513	0.9508	0.951	2.7904	0.9514	0.9519	2.3941	0.9497	0.9511	0.9569	0.9511	0.9509	2.3751	0.9606	0.9515	1.3259	2.8466	0.9518
  _	0.9578	0.9575	0.9557	3.0041	0.9567	0.9599	0.9374	0.9574	1.3195	0.9808	0.9971	0.9577	0.9702	1.2423	0.9581	3.5819	0.958	1.3247	0.9587	0.9576	0.9576	0.9578	0.9576	2.2944	0.9563	0.9803	0.9577	0.9577	0.9546	0.9775	0	0.9578	0.958	0.9578	0.9577	0.9574	0.9577	2.3612	0.9578	0.9784	0.9518	1.1049	0.9578	0.9649	0.9602	0.9565	1.0247	0.9747	0.9578	1.0151	0.9542	0.9578
  `	0.9586	0.9578	0.9559	0.9578	0.9573	0.9584	0.9368	1.3178	0.9351	0.9586	0.9585	0.9585	0.9584	0.9569	0.9586	0.9556	0.9585	0.9502	0.9584	0.9583	0.9583	0.9585	0.9582	0.9558	0.9551	0.9585	0.9585	0.9583	0.955	0.9513	0.9578	0	0.9587	0.9585	0.9585	0.9582	0.9585	0.9562	0.9585	0.9585	0.9508	0.9558	0.9585	0.9586	0.9586	0.9572	0.9543	0.956	0.9586	1.0628	0.9545	0.9585
  a	0.9587	0.9578	0.9561	0.958	0.9572	0.9586	0.9365	0.9576	1.2359	0.9588	0.9588	0.9586	0.9586	0.957	0.9587	0.9557	0.9586	0.9507	0.9585	0.9586	0.9584	0.9587	0.9584	0.9561	0.9552	0.9587	0.9587	0.9584	0.955	0.9537	0.958	0.9587	0	1.0038	0.9586	0.9583	0.9587	0.9585	0.9587	0.9586	0.9513	0.9559	0.9587	1.2244	0.9587	0.9573	0.9546	0.9561	0.9587	0.9098	0.9551	0.9586
  b	0.9585	0.9577	0.9559	0.9578	0.9571	0.9584	0.9367	0.9575	1.3184	0.9586	0.9586	0.9584	0.9584	0.9569	0.9585	0.9556	0.9585	0.9504	0.9583	0.9583	0.9582	0.9585	0.9582	0.9559	0.9551	0.9585	0.9585	0.9583	0.9549	0.9538	0.9578	0.9585	1.0038	0	0.9585	0.9582	0.9585	0.9585	0.9585	0.9585	0.951	0.9558	0.9585	1.0121	0.9586	0.9571	0.9544	0.956	0.9585	0.9101	0.9548	0.9585
  c	0.9585	0.9577	0.9559	0.9577	0.9571	0.9584	1.405	0.9575	0.935	0.9585	0.9585	0.9584	0.9584	0.9567	0.9585	0.9556	0.9584	0.95	0.9583	0.9582	0.9582	0.9584	0.9582	0.9557	0.955	0.9584	0.9584	0.9582	0.9549	0.9513	0.9577	0.9585	0.9586	0.9585	0	0.9581	0.9585	0.9562	0.9585	0.9584	0.9507	0.9558	0.9585	0.9585	0.9585	0.9571	0.9542	0.9559	0.9585	0.9099	0.9545	0.9584
  d	0.9583	0.9575	0.9554	0.9575	0.9568	0.9581	0.9354	0.9573	0.9377	0.9582	0.9582	0.9581	0.9581	1.8781	0.9582	0.9552	0.9582	0.9496	0.958	0.958	0.9579	0.9581	0.9611	0.9554	0.9547	0.9581	0.9582	0.958	0.9545	0.9508	0.9574	0.9582	0.9583	0.9582	0.9581	0	0.9582	0.9558	0.9582	0.9582	0.9501	0.9554	0.9582	0.9583	0.9582	0.9568	0.9538	1.1407	0.9582	0.9082	0.954	0.9582
  e	0.9586	0.9577	0.9558	0.9578	0.957	0.9584	0.9357	0.9575	0.934	0.9586	0.9585	0.9584	0.9584	1.4357	0.9585	0.9555	0.9585	0.9497	0.9583	0.9583	0.9582	0.9585	0.9582	0.9557	0.9549	0.9585	0.9585	0.9583	0.9548	0.951	0.9577	0.9585	0.9587	0.9585	0.9585	0.9582	0	0.9561	0.9585	0.9585	0.9504	0.9557	0.9585	0.9586	0.9586	0.9571	0.9541	0.9558	0.9585	0.9079	0.9543	0.9585
  f	0.9562	0.9563	0.9961	1.4039	0.9556	1.387	0.9387	0.9562	2.7747	1.7543	1.1544	0.9645	1.4332	0.9563	1.5946	0.9568	0.9567	1.8321	1.434	1.192	0.9561	1.1691	0.956	1.0491	0.9944	1.1422	0.9561	0.9566	0.9538	2.7904	2.3612	0.9562	0.9585	0.9585	0.9562	0.9558	0.9561	0	0.9562	1.4148	0.955	1.1578	0.9562	1.2836	1.3914	0.9551	0.9537	0.9554	0.9563	0.9169	0.9544	0.9563
  g	0.9585	0.9577	0.9559	0.9578	0.9571	0.9584	0.9369	0.9575	1.4028	0.9586	0.9585	0.9584	0.9584	0.9569	0.9585	0.9556	0.9585	0.9502	0.9583	0.9583	0.9582	0.9585	0.9582	0.9558	0.9551	0.9584	0.9585	0.9583	0.9549	0.9514	0.9578	0.9585	0.9587	0.9585	0.9585	0.9582	0.9585	0.9562	0	0.9585	0.9508	0.9558	0.9585	0.9586	0.9585	0.9571	0.9544	0.956	0.9585	0.9105	0.9545	0.9585
  h	0.9586	0.9578	0.9561	0.9579	0.9573	0.9584	0.938	0.9578	0.9366	0.9586	0.9585	0.9584	0.9584	0.9569	0.9585	0.9558	0.9585	0.9508	0.9583	0.9582	0.9582	0.9584	0.9582	0.956	0.9553	0.9585	0.9585	0.9583	0.9551	0.9519	0.9784	0.9585	0.9586	0.9585	0.9584	0.9582	0.9585	1.4148	0.9585	0	0.9512	0.956	0.9585	0.9585	0.9586	0.9572	0.9546	0.9561	0.9585	1.3681	0.9547	0.9584
  i	0.9511	0.9544	0.9506	0.9498	0.9575	0.9503	1.0365	0.9592	6.8942	0.9503	0.9508	0.9505	0.9503	0.9593	0.9503	0.9505	0.9526	1.3081	0.95	0.9509	0.9512	0.9507	0.9509	0.9491	2.3902	0.9509	0.9506	0.9513	1.0038	2.3941	0.9518	0.9508	0.9513	0.951	0.9507	0.9501	0.9504	0.955	0.9508	0.9512	0	0.9492	0.9506	0.9515	0.9504	0.9508	0.9586	0.9546	0.951	5.8647	2.012	0.9513
  j	0.9558	0.9559	0.9532	2.5035	0.9549	0.9556	0.9355	0.9556	0.9328	0.9558	0.9567	0.9556	0.9556	1.0203	0.9558	5.3754	0.9563	0.9509	1.384	0.9556	0.9557	0.9557	0.9557	1.967	0.9537	0.9558	0.9557	0.9557	0.953	0.9497	1.1049	0.9558	0.9559	0.9558	0.9558	0.9554	0.9557	1.1578	0.9558	0.956	0.9492	0	0.9557	0.9561	0.9558	0.9546	0.9525	0.9549	0.9559	0.9083	0.9521	0.9559
  k	0.9586	0.9577	0.9559	0.9578	0.9571	0.9584	0.9362	0.9575	0.9345	0.9586	0.9586	0.9584	0.9584	0.9567	0.9585	0.9557	0.9585	1.4229	0.9583	0.9583	0.9583	0.9585	0.9582	0.9557	0.9565	0.9585	0.9585	0.9583	0.9548	0.9511	0.9578	0.9585	0.9587	0.9585	0.9585	0.9582	0.9585	0.9562	0.9585	0.9585	0.9506	0.9557	0	0.9586	0.9586	0.9571	0.9542	0.956	0.9585	0.9098	0.9545	0.9585
  l	0.9586	0.9578	0.9562	0.9588	0.9572	0.9589	0.9369	0.9576	1.5387	1.4224	0.9588	0.9585	0.9618	0.997	0.9588	1.0108	0.9585	1.0862	0.9584	0.9624	0.9583	0.9622	0.9583	1.0836	0.9556	0.9586	0.9585	0.9583	0.955	0.9569	0.9649	0.9586	1.2244	1.0121	0.9585	0.9583	0.9586	1.2836	0.9586	0.9585	0.9515	0.9561	0.9586	0	0.9591	0.9572	0.9547	1.0848	0.9586	0.994	0.9551	0.9585
  m	0.9586	0.9577	0.9559	0.9581	0.9571	1.0297	0.9358	0.9574	0.9343	0.9604	0.9586	0.9585	0.9664	0.9567	0.9587	0.9555	0.9585	0.9498	0.9585	0.9583	0.9583	0.9586	0.9583	0.9558	0.9549	0.9585	0.9585	0.9583	0.9548	0.9511	0.9602	0.9586	0.9587	0.9586	0.9585	0.9582	0.9586	1.3914	0.9585	0.9586	0.9504	0.9558	0.9586	0.9591	0	0.9571	0.9541	0.9558	0.9586	0.9078	0.9543	0.9585
  n	0.9572	0.957	0.9548	0.9564	0.9563	0.957	0.9384	0.9571	0.9359	0.9571	0.9572	0.957	0.957	0.9562	0.9571	0.9555	0.9575	0.9584	0.9569	0.9569	0.9571	0.9571	0.9569	0.9545	0.9599	0.9571	0.9571	0.957	0.9543	0.9509	0.9565	0.9572	0.9573	0.9571	0.9571	0.9568	0.9571	0.9551	0.9571	0.9572	0.9508	0.9546	0.9571	0.9572	0.9571	0	0.9535	0.9554	0.9572	1.3566	0.9536	0.9572
  o	0.9543	0.9556	1.1545	1.0118	0.9546	0.954	0.9407	0.9559	1.8375	0.9541	0.9551	0.9541	0.954	0.9638	0.954	0.9822	0.9555	1.2338	0.9539	0.9542	0.9545	0.9542	0.9543	0.9524	0.956	0.9544	0.9541	0.9546	0.953	2.3751	1.0247	0.9543	0.9546	0.9544	0.9542	0.9538	0.9541	0.9537	0.9544	0.9546	0.9586	0.9525	0.9542	0.9547	0.9541	0.9535	0	1.4364	0.9545	1.4449	0.9522	0.9547
  p	0.9562	0.9566	0.9553	0.9594	0.9566	0.9558	0.9465	0.9582	1.6528	0.9558	0.9563	0.9558	0.9558	1.6504	0.9558	1.3771	0.9566	1.4293	0.9557	0.9587	0.956	0.9559	1.361	1.5388	0.9762	0.9575	0.9558	0.9561	0.9551	0.9606	0.9747	0.956	0.9561	0.956	0.9559	1.1407	0.9558	0.9554	0.956	0.9561	0.9546	0.9549	0.956	1.0848	0.9558	0.9554	1.4364	0	0.956	4.1501	0.9547	0.9561
  q	0.9586	1.1145	0.956	0.9579	1.0869	0.9584	0.9372	0.9578	0.9356	0.9586	0.9585	0.9585	0.9584	0.9569	0.9586	0.9557	0.9585	0.9504	0.9584	0.9583	0.9583	0.9585	0.9582	0.9559	0.9552	0.9585	0.9585	0.9583	0.955	0.9515	0.9578	0.9586	0.9587	0.9585	0.9585	0.9582	0.9585	0.9563	0.9585	0.9585	0.951	0.9559	0.9585	0.9586	0.9586	0.9572	0.9545	0.956	0	1.165	0.9546	0.9585
  r	0.9817	3.4683	1.174	0.9549	2.4587	0.9077	37.7936	3.6506	3.8202	0.9071	0.9115	0.9083	0.9077	4.6374	0.907	1.6744	2.2978	4.2481	0.9059	0.9108	1.3564	0.9093	1.2743	0.9718	7.1539	0.9105	0.9082	1.3694	3.1887	1.3259	1.0151	1.0628	0.9098	0.9101	0.9099	0.9082	0.9079	0.9169	0.9105	1.3681	5.8647	0.9083	0.9098	0.994	0.9078	1.3566	1.4449	4.1501	1.165	0	1.0591	1.3682
  s	0.9545	0.9553	0.9528	0.9535	0.9545	0.9542	0.9854	0.9555	4.0617	0.9543	0.9546	0.9543	0.9542	0.9557	0.9542	0.9526	0.9554	1.427	0.954	1.4302	0.9545	0.9545	0.9544	0.9521	1.1374	0.9546	0.9543	0.9546	0.9531	2.8466	0.9542	0.9545	0.9551	0.9548	0.9545	0.954	0.9543	0.9544	0.9545	0.9547	2.012	0.9521	0.9545	0.9551	0.9543	0.9536	0.9522	0.9547	0.9546	1.0591	0	0.9547
  t	0.9586	0.9578	0.9561	0.9579	0.9573	0.9584	0.9382	0.9579	0.9368	0.9585	0.9585	0.9584	0.9584	0.957	0.9585	0.9558	0.9587	0.9515	0.9583	0.9582	0.9582	0.9584	0.9582	0.9559	0.9554	0.9584	0.9585	0.9583	0.9552	0.9518	0.9578	0.9585	0.9586	0.9585	0.9584	0.9582	0.9585	0.9563	0.9585	0.9584	0.9513	0.9559	0.9585	0.9585	0.9585	0.9572	0.9547	0.9561	0.9585	1.3682	0.9547	0

Actual rates from j->i (Q_ij):
	A	B	C	D	E	F	G	H	I	J	K	L	M	N	O	P	Q	R	S	T	U	V	W	X	Y	Z	[	\	]	^	_	`	a	b	c	d	e	f	g	h	i	j	k	l	m	n	o	p	q	r	s	t
  A	0	0.0216	0.0215	0.0216	0.0221	0.0216	0.0211	0.0217	0.0211	0.0216	0.0216	0.0216	0.0216	0.0433	0.0216	0.0215	0.0216	0.0214	0.0216	0.0216	0.0216	0.0216	0.0216	0.0215	0.0246	0.0216	0.0216	0.0216	0.0215	0.0214	0.0216	0.0216	0.0216	0.0216	0.0216	0.0216	0.0216	0.0216	0.0216	0.0216	0.0214	0.0215	0.0216	0.0216	0.0216	0.0216	0.0215	0.0216	0.0216	0.0221	0.0215	0.0216
  B	0.014	0	0.014	0.014	0.017	0.014	0.0141	0.0245	0.0138	0.014	0.014	0.014	0.014	0.0161	0.014	0.014	0.014	0.0141	0.014	0.014	0.014	0.014	0.014	0.014	0.014	0.014	0.014	0.014	0.014	0.014	0.014	0.014	0.014	0.014	0.014	0.014	0.014	0.014	0.014	0.014	0.014	0.014	0.014	0.014	0.014	0.014	0.014	0.014	0.0163	0.0508	0.014	0.014
  C	0.0199	0.02	0	0.0199	0.0199	0.0199	0.0196	0.02	0.0293	0.0199	0.0199	0.0199	0.0199	0.0199	0.0199	0.0199	0.02	0.0395	0.0199	0.0199	0.0199	0.0199	0.0199	0.0199	0.03	0.0199	0.0199	0.02	0.0199	0.0198	0.0199	0.0199	0.0199	0.0199	0.0199	0.0199	0.0199	0.0208	0.0199	0.0199	0.0198	0.0199	0.0199	0.0199	0.0199	0.0199	0.0241	0.0199	0.0199	0.0245	0.0199	0.0199
  D	0.0235	0.0235	0.0234	0	0.0234	0.0235	0.0229	0.0234	0.0229	0.0235	0.0236	0.0235	0.0235	0.0334	0.0235	0.0273	0.0235	0.0304	0.0455	0.0235	0.0235	0.0235	0.0235	0.0293	0.0234	0.0235	0.0235	0.0235	0.0234	0.0233	0.0736	0.0235	0.0235	0.0235	0.0235	0.0235	0.0235	0.0344	0.0235	0.0235	0.0233	0.0613	0.0235	0.0235	0.0235	0.0234	0.0248	0.0235	0.0235	0.0234	0.0234	0.0235
  E	0.0167	0.0198	0.0163	0.0163	0	0.0163	0.0161	0.0179	0.0161	0.0163	0.0163	0.0163	0.0163	0.0168	0.0163	0.0163	0.0163	0.0164	0.0163	0.0163	0.0163	0.0163	0.0163	0.0163	0.0183	0.0163	0.0163	0.0163	0.0163	0.0162	0.0163	0.0163	0.0163	0.0163	0.0163	0.0163	0.0163	0.0163	0.0163	0.0163	0.0163	0.0163	0.0163	0.0163	0.0163	0.0163	0.0162	0.0163	0.0185	0.0419	0.0162	0.0163
  F	0.0218	0.0218	0.0218	0.0218	0.0218	0	0.0213	0.0218	0.0213	0.0219	0.0218	0.0218	0.022	0.0218	0.0218	0.0217	0.0218	0.0216	0.0218	0.0218	0.0218	0.0218	0.0218	0.0218	0.0217	0.0218	0.0218	0.0218	0.0217	0.0217	0.0219	0.0218	0.0218	0.0218	0.0218	0.0218	0.0218	0.0316	0.0218	0.0218	0.0216	0.0218	0.0218	0.0218	0.0234	0.0218	0.0217	0.0218	0.0218	0.0207	0.0217	0.0218
  G	0.0033	0.0034	0.0033	0.0033	0.0033	0.0033	0	0.0034	0.0033	0.0033	0.0033	0.0033	0.0033	0.0033	0.0033	0.0033	0.0033	0.0034	0.0033	0.0033	0.0033	0.0033	0.0033	0.0033	0.0052	0.0033	0.0033	0.0033	0.0068	0.0033	0.0033	0.0033	0.0033	0.0033	0.0049	0.0033	0.0033	0.0033	0.0033	0.0033	0.0036	0.0033	0.0033	0.0033	0.0033	0.0033	0.0033	0.0033	0.0033	0.1327	0.0035	0.0033
  H	0.0143	0.0249	0.0142	0.0142	0.0156	0.0142	0.0142	0	0.0141	0.0142	0.0142	0.0142	0.0142	0.0151	0.0142	0.0142	0.0142	0.0144	0.0142	0.0142	0.0142	0.0142	0.0142	0.0142	0.0151	0.0142	0.0142	0.0142	0.0142	0.0142	0.0142	0.0196	0.0142	0.0142	0.0142	0.0142	0.0142	0.0142	0.0142	0.0142	0.0142	0.0142	0.0142	0.0142	0.0142	0.0142	0.0142	0.0142	0.0142	0.0542	0.0142	0.0142
  I	0.0131	0.0133	0.0197	0.0131	0.0133	0.0131	0.0134	0.0133	0	0.0131	0.0171	0.0131	0.0131	0.0214	0.0131	0.0133	0.0132	0.1093	0.0131	0.0236	0.0132	0.0166	0.0132	0.0204	0.0387	0.0203	0.0131	0.0132	0.0132	0.0929	0.0185	0.0131	0.0174	0.0185	0.0131	0.0132	0.0131	0.039	0.0197	0.0132	0.0968	0.0131	0.0131	0.0216	0.0131	0.0131	0.0258	0.0232	0.0131	0.0537	0.0571	0.0132
  J	0.0221	0.0221	0.0221	0.0222	0.0221	0.0222	0.0216	0.0221	0.0216	0	0.0221	0.0221	0.0224	0.0221	0.031	0.022	0.0221	0.0219	0.0221	0.0221	0.0221	0.0221	0.0221	0.0221	0.022	0.0221	0.0221	0.0221	0.022	0.0219	0.0226	0.0221	0.0221	0.0221	0.0221	0.0221	0.0221	0.0405	0.0221	0.0221	0.0219	0.0221	0.0221	0.0328	0.0222	0.0221	0.022	0.0221	0.0221	0.0209	0.022	0.0221
  K	0.0211	0.0211	0.0211	0.0212	0.0211	0.0211	0.0207	0.0211	0.0269	0.0211	0	0.0211	0.0211	0.0211	0.0211	0.0236	0.0211	0.0282	0.0211	0.0211	0.0211	0.0211	0.0211	0.0211	0.0211	0.0211	0.0211	0.0211	0.0211	0.021	0.022	0.0211	0.0211	0.0211	0.0211	0.0211	0.0211	0.0255	0.0211	0.0211	0.021	0.0211	0.0211	0.0211	0.0211	0.0211	0.0211	0.0211	0.0211	0.0201	0.0211	0.0211
  L	0.0216	0.0216	0.0215	0.0216	0.0215	0.0216	0.0211	0.0215	0.021	0.0216	0.0216	0	0.0216	0.0215	0.0216	0.0215	0.0216	0.0214	0.0216	0.0216	0.0216	0.0216	0.0216	0.0215	0.0215	0.0216	0.0216	0.0216	0.0215	0.032	0.0216	0.0216	0.0216	0.0216	0.0216	0.0216	0.0216	0.0217	0.0216	0.0216	0.0214	0.0215	0.0216	0.0216	0.0216	0.0215	0.0215	0.0215	0.0216	0.0204	0.0215	0.0216
  M	0.0218	0.0218	0.0217	0.0218	0.0218	0.022	0.0213	0.0218	0.0212	0.0221	0.0218	0.0218	0	0.0218	0.0218	0.0217	0.0218	0.0216	0.0218	0.0218	0.0218	0.0218	0.0218	0.0217	0.0217	0.0218	0.0218	0.0218	0.0217	0.0216	0.0221	0.0218	0.0218	0.0218	0.0218	0.0218	0.0218	0.0326	0.0218	0.0218	0.0216	0.0217	0.0218	0.0219	0.022	0.0218	0.0217	0.0217	0.0218	0.0206	0.0217	0.0218
  N	0.0262	0.015	0.0131	0.0186	0.0134	0.0131	0.0129	0.0139	0.0208	0.0131	0.0131	0.0131	0.0131	0	0.0131	0.0161	0.0131	0.0224	0.0131	0.0131	0.0131	0.0131	0.036	0.0162	0.0158	0.0131	0.0131	0.0131	0.0131	0.0132	0.017	0.0131	0.0131	0.0131	0.0131	0.0256	0.0196	0.0131	0.0131	0.0131	0.0131	0.0139	0.0131	0.0136	0.0131	0.0131	0.0132	0.0225	0.0131	0.0633	0.013	0.0131
  O	0.0222	0.0221	0.0221	0.0221	0.0221	0.0222	0.0216	0.0221	0.0216	0.0311	0.0222	0.0222	0.0222	0.0221	0	0.0221	0.0222	0.022	0.0222	0.0222	0.0222	0.0222	0.0222	0.0221	0.0221	0.0222	0.0222	0.0222	0.0221	0.022	0.0222	0.0222	0.0222	0.0222	0.0222	0.0222	0.0222	0.0369	0.0222	0.0222	0.022	0.0221	0.0222	0.0222	0.0222	0.0221	0.0221	0.0221	0.0222	0.021	0.0221	0.0222
  P	0.0195	0.0195	0.0195	0.0228	0.0195	0.0195	0.0192	0.0196	0.0193	0.0195	0.0219	0.0195	0.0195	0.0241	0.0195	0	0.0195	0.0347	0.0244	0.0195	0.0195	0.0195	0.0195	0.0575	0.0197	0.0195	0.0195	0.0195	0.0195	0.0194	0.0732	0.0195	0.0195	0.0195	0.0195	0.0195	0.0195	0.0196	0.0195	0.0195	0.0194	0.1099	0.0195	0.0207	0.0195	0.0195	0.0201	0.0281	0.0195	0.0342	0.0195	0.0195
  Q	0.0165	0.0165	0.0165	0.0165	0.0165	0.0165	0.0162	0.0165	0.0162	0.0165	0.0165	0.0165	0.0165	0.0165	0.0165	0.0164	0	0.0165	0.0165	0.0165	0.0165	0.0165	0.0165	0.0164	0.0165	0.0165	0.0165	0.0165	0.0164	0.0164	0.0165	0.0165	0.0165	0.0165	0.0165	0.0165	0.0165	0.0165	0.0165	0.0165	0.0164	0.0164	0.0165	0.0165	0.0165	0.0165	0.0164	0.0165	0.0165	0.0395	0.0164	0.0165
  R	0.0085	0.0086	0.0168	0.011	0.0086	0.0084	0.0087	0.0086	0.0691	0.0084	0.0114	0.0084	0.0084	0.0146	0.0084	0.0151	0.0085	0	0.0084	0.0084	0.0085	0.0084	0.0084	0.0112	0.0414	0.0084	0.0084	0.0126	0.0085	0.0086	0.0118	0.0084	0.0084	0.0084	0.0084	0.0084	0.0084	0.0163	0.0084	0.0084	0.0116	0.0085	0.0126	0.0097	0.0084	0.0085	0.011	0.0127	0.0084	0.0378	0.0127	0.0085
  S	0.0227	0.0227	0.0227	0.044	0.0227	0.0227	0.0222	0.0227	0.0221	0.0227	0.0227	0.0227	0.0227	0.0227	0.0227	0.0283	0.0227	0.0225	0	0.0227	0.0227	0.0227	0.0227	0.0227	0.0226	0.0227	0.0227	0.0227	0.0226	0.0225	0.0227	0.0227	0.0227	0.0227	0.0227	0.0227	0.0227	0.034	0.0227	0.0227	0.0225	0.0328	0.0227	0.0227	0.0227	0.0227	0.0226	0.0227	0.0227	0.0215	0.0226	0.0227
  T	0.0207	0.0207	0.0206	0.0207	0.0207	0.0207	0.0202	0.0207	0.0363	0.0207	0.0207	0.0207	0.0207	0.0207	0.0207	0.0206	0.0207	0.0205	0.0207	0	0.0207	0.021	0.0207	0.0206	0.0206	0.0208	0.0207	0.0207	0.0206	0.0415	0.0207	0.0207	0.0207	0.0207	0.0207	0.0207	0.0207	0.0257	0.0207	0.0207	0.0205	0.0206	0.0207	0.0208	0.0207	0.0207	0.0206	0.0207	0.0207	0.0197	0.0309	0.0207
  U	0.0195	0.0195	0.0195	0.0195	0.0195	0.0195	0.0191	0.0195	0.0191	0.0195	0.0195	0.0195	0.0195	0.0195	0.0195	0.0195	0.0195	0.0194	0.0195	0.0195	0	0.0195	0.0195	0.0195	0.0197	0.0195	0.0195	0.0195	0.0195	0.0194	0.0195	0.0195	0.0195	0.0195	0.0195	0.0195	0.0195	0.0195	0.0195	0.0195	0.0194	0.0195	0.0195	0.0195	0.0195	0.0195	0.0195	0.0195	0.0195	0.0277	0.0195	0.0195
  V	0.0212	0.0212	0.0211	0.0212	0.0212	0.0212	0.0207	0.0212	0.0262	0.0212	0.0212	0.0212	0.0212	0.0212	0.0212	0.0211	0.0212	0.021	0.0212	0.0215	0.0212	0	0.0212	0.0211	0.0211	0.0212	0.0212	0.0212	0.0211	0.0211	0.0212	0.0212	0.0212	0.0212	0.0212	0.0212	0.0212	0.0259	0.0212	0.0212	0.021	0.0211	0.0212	0.0213	0.0212	0.0212	0.0211	0.0211	0.0212	0.0201	0.0211	0.0212
  W	0.0202	0.0202	0.0202	0.0202	0.0202	0.0202	0.0198	0.0202	0.0198	0.0202	0.0202	0.0202	0.0202	0.0556	0.0202	0.0201	0.0202	0.02	0.0202	0.0202	0.0202	0.0202	0	0.0202	0.0211	0.0202	0.0202	0.0202	0.0201	0.0201	0.0202	0.0202	0.0202	0.0202	0.0202	0.0203	0.0202	0.0202	0.0202	0.0202	0.0201	0.0202	0.0202	0.0202	0.0202	0.0202	0.0201	0.0287	0.0202	0.0269	0.0201	0.0202
  X	0.0225	0.0225	0.0224	0.0281	0.0225	0.0225	0.022	0.0225	0.0343	0.0225	0.0225	0.0225	0.0225	0.028	0.0225	0.0662	0.0225	0.0296	0.0225	0.0225	0.0225	0.0225	0.0225	0	0.0225	0.0225	0.0225	0.0225	0.0224	0.0223	0.054	0.0225	0.0225	0.0225	0.0225	0.0225	0.0225	0.0247	0.0225	0.0225	0.0223	0.0463	0.0225	0.0255	0.0225	0.0225	0.0224	0.0362	0.0225	0.0229	0.0224	0.0225
  Y	0.0103	0.009	0.0136	0.009	0.0101	0.009	0.014	0.0096	0.026	0.009	0.009	0.009	0.009	0.011	0.009	0.0091	0.009	0.044	0.009	0.009	0.0091	0.009	0.0095	0.009	0	0.009	0.0135	0.0091	0.009	0.0136	0.009	0.009	0.009	0.009	0.009	0.009	0.009	0.0094	0.009	0.009	0.0226	0.009	0.009	0.009	0.009	0.0091	0.009	0.0092	0.009	0.0676	0.0107	0.009
  Z	0.0208	0.0207	0.0207	0.0207	0.0207	0.0208	0.0203	0.0207	0.0313	0.0208	0.0208	0.0208	0.0208	0.0208	0.0208	0.0207	0.0208	0.0206	0.0208	0.0209	0.0208	0.0208	0.0208	0.0207	0.0207	0	0.0208	0.0208	0.0207	0.0384	0.0212	0.0208	0.0208	0.0208	0.0208	0.0208	0.0208	0.0247	0.0208	0.0208	0.0206	0.0207	0.0208	0.0208	0.0208	0.0207	0.0207	0.0207	0.0208	0.0197	0.0207	0.0208
  [	0.0217	0.0217	0.0216	0.0217	0.0217	0.0217	0.0212	0.0217	0.0212	0.0217	0.0217	0.0217	0.0217	0.0217	0.0217	0.0216	0.0217	0.0215	0.0217	0.0217	0.0217	0.0217	0.0217	0.0216	0.0324	0.0217	0	0.0217	0.0216	0.0215	0.0217	0.0217	0.0217	0.0217	0.0217	0.0217	0.0217	0.0217	0.0217	0.0217	0.0215	0.0216	0.0217	0.0217	0.0217	0.0217	0.0216	0.0216	0.0217	0.0206	0.0216	0.0217
  \	0.0194	0.0194	0.0194	0.0194	0.0194	0.0194	0.019	0.0194	0.019	0.0194	0.0194	0.0194	0.0194	0.0194	0.0194	0.0194	0.0194	0.0288	0.0194	0.0194	0.0194	0.0194	0.0194	0.0194	0.0195	0.0194	0.0194	0	0.0194	0.0193	0.0194	0.0194	0.0194	0.0194	0.0194	0.0194	0.0194	0.0194	0.0194	0.0194	0.0193	0.0194	0.0194	0.0194	0.0194	0.0194	0.0194	0.0194	0.0194	0.0278	0.0194	0.0194
  ]	0.0141	0.0141	0.0141	0.0141	0.0141	0.0141	0.0286	0.0141	0.0139	0.0141	0.0141	0.0141	0.0141	0.0141	0.0141	0.0141	0.0141	0.014	0.0141	0.0141	0.0141	0.0141	0.0141	0.014	0.0141	0.0141	0.0141	0.0141	0	0.014	0.0141	0.0141	0.0141	0.0141	0.0141	0.0141	0.0141	0.0141	0.0141	0.0141	0.0148	0.014	0.0141	0.0141	0.0141	0.0141	0.014	0.0141	0.0141	0.047	0.014	0.0141
  ^	0.0124	0.0124	0.0124	0.0124	0.0124	0.0124	0.0123	0.0125	0.0864	0.0124	0.0124	0.0185	0.0124	0.0126	0.0124	0.0124	0.0124	0.0126	0.0124	0.0251	0.0124	0.0124	0.0124	0.0124	0.0188	0.0232	0.0124	0.0124	0.0124	0	0.0128	0.0124	0.0125	0.0125	0.0124	0.0124	0.0124	0.0364	0.0124	0.0124	0.0313	0.0124	0.0124	0.0125	0.0124	0.0124	0.031	0.0125	0.0124	0.0173	0.0372	0.0124
  _	0.0213	0.0213	0.0212	0.0667	0.0212	0.0213	0.0208	0.0213	0.0293	0.0218	0.0221	0.0213	0.0215	0.0276	0.0213	0.0796	0.0213	0.0294	0.0213	0.0213	0.0213	0.0213	0.0213	0.051	0.0212	0.0218	0.0213	0.0213	0.0212	0.0217	0	0.0213	0.0213	0.0213	0.0213	0.0213	0.0213	0.0524	0.0213	0.0217	0.0211	0.0245	0.0213	0.0214	0.0213	0.0212	0.0228	0.0216	0.0213	0.0225	0.0212	0.0213
  `	0.021	0.0209	0.0209	0.0209	0.0209	0.021	0.0205	0.0288	0.0204	0.021	0.021	0.021	0.021	0.0209	0.021	0.0209	0.021	0.0208	0.021	0.021	0.021	0.021	0.0209	0.0209	0.0209	0.021	0.021	0.021	0.0209	0.0208	0.0209	0	0.021	0.021	0.021	0.0209	0.021	0.0209	0.021	0.021	0.0208	0.0209	0.021	0.021	0.021	0.0209	0.0209	0.0209	0.021	0.0232	0.0209	0.021
  a	0.0211	0.0211	0.0211	0.0211	0.0211	0.0211	0.0206	0.0211	0.0272	0.0211	0.0211	0.0211	0.0211	0.0211	0.0211	0.0211	0.0211	0.0209	0.0211	0.0211	0.0211	0.0211	0.0211	0.0211	0.021	0.0211	0.0211	0.0211	0.021	0.021	0.0211	0.0211	0	0.0221	0.0211	0.0211	0.0211	0.0211	0.0211	0.0211	0.021	0.0211	0.0211	0.027	0.0211	0.0211	0.021	0.0211	0.0211	0.02	0.021	0.0211
  b	0.0209	0.0209	0.0209	0.0209	0.0209	0.0209	0.0204	0.0209	0.0288	0.0209	0.0209	0.0209	0.0209	0.0209	0.0209	0.0209	0.0209	0.0207	0.0209	0.0209	0.0209	0.0209	0.0209	0.0209	0.0208	0.0209	0.0209	0.0209	0.0208	0.0208	0.0209	0.0209	0.0219	0	0.0209	0.0209	0.0209	0.0209	0.0209	0.0209	0.0208	0.0209	0.0209	0.0221	0.0209	0.0209	0.0208	0.0209	0.0209	0.0199	0.0208	0.0209
  c	0.0209	0.0208	0.0208	0.0208	0.0208	0.0209	0.0306	0.0208	0.0203	0.0209	0.0209	0.0209	0.0209	0.0208	0.0209	0.0208	0.0209	0.0207	0.0208	0.0208	0.0208	0.0209	0.0208	0.0208	0.0208	0.0209	0.0209	0.0208	0.0208	0.0207	0.0208	0.0209	0.0209	0.0209	0	0.0208	0.0209	0.0208	0.0209	0.0209	0.0207	0.0208	0.0209	0.0209	0.0209	0.0208	0.0208	0.0208	0.0209	0.0198	0.0208	0.0209
  d	0.0221	0.0221	0.022	0.0221	0.022	0.0221	0.0216	0.0221	0.0216	0.0221	0.0221	0.0221	0.0221	0.0433	0.0221	0.022	0.0221	0.0219	0.0221	0.0221	0.0221	0.0221	0.0221	0.022	0.022	0.0221	0.0221	0.0221	0.022	0.0219	0.0221	0.0221	0.0221	0.0221	0.0221	0	0.0221	0.022	0.0221	0.0221	0.0219	0.022	0.0221	0.0221	0.0221	0.022	0.022	0.0263	0.0221	0.0209	0.022	0.0221
  e	0.0218	0.0218	0.0217	0.0218	0.0218	0.0218	0.0213	0.0218	0.0213	0.0218	0.0218	0.0218	0.0218	0.0327	0.0218	0.0217	0.0218	0.0216	0.0218	0.0218	0.0218	0.0218	0.0218	0.0217	0.0217	0.0218	0.0218	0.0218	0.0217	0.0216	0.0218	0.0218	0.0218	0.0218	0.0218	0.0218	0	0.0218	0.0218	0.0218	0.0216	0.0217	0.0218	0.0218	0.0218	0.0218	0.0217	0.0217	0.0218	0.0207	0.0217	0.0218
  f	0.0186	0.0186	0.0193	0.0273	0.0186	0.0269	0.0182	0.0186	0.0539	0.0341	0.0224	0.0187	0.0278	0.0186	0.031	0.0186	0.0186	0.0356	0.0279	0.0232	0.0186	0.0227	0.0186	0.0204	0.0193	0.0222	0.0186	0.0186	0.0185	0.0542	0.0459	0.0186	0.0186	0.0186	0.0186	0.0186	0.0186	0	0.0186	0.0275	0.0185	0.0225	0.0186	0.0249	0.027	0.0186	0.0185	0.0186	0.0186	0.0178	0.0185	0.0186
  g	0.0207	0.0207	0.0206	0.0207	0.0207	0.0207	0.0202	0.0207	0.0303	0.0207	0.0207	0.0207	0.0207	0.0207	0.0207	0.0206	0.0207	0.0205	0.0207	0.0207	0.0207	0.0207	0.0207	0.0206	0.0206	0.0207	0.0207	0.0207	0.0206	0.0205	0.0207	0.0207	0.0207	0.0207	0.0207	0.0207	0.0207	0.0206	0	0.0207	0.0205	0.0206	0.0207	0.0207	0.0207	0.0207	0.0206	0.0206	0.0207	0.0197	0.0206	0.0207
  h	0.0197	0.0197	0.0197	0.0197	0.0197	0.0197	0.0193	0.0197	0.0193	0.0197	0.0197	0.0197	0.0197	0.0197	0.0197	0.0197	0.0197	0.0196	0.0197	0.0197	0.0197	0.0197	0.0197	0.0197	0.0197	0.0197	0.0197	0.0197	0.0197	0.0196	0.0201	0.0197	0.0197	0.0197	0.0197	0.0197	0.0197	0.0291	0.0197	0	0.0196	0.0197	0.0197	0.0197	0.0197	0.0197	0.0196	0.0197	0.0197	0.0282	0.0197	0.0197
  i	0.0098	0.0098	0.0098	0.0098	0.0099	0.0098	0.0107	0.0099	0.0711	0.0098	0.0098	0.0098	0.0098	0.0099	0.0098	0.0098	0.0098	0.0135	0.0098	0.0098	0.0098	0.0098	0.0098	0.0098	0.0246	0.0098	0.0098	0.0098	0.0103	0.0247	0.0098	0.0098	0.0098	0.0098	0.0098	0.0098	0.0098	0.0098	0.0098	0.0098	0	0.0098	0.0098	0.0098	0.0098	0.0098	0.0099	0.0098	0.0098	0.0605	0.0207	0.0098
  j	0.0216	0.0216	0.0215	0.0565	0.0216	0.0216	0.0211	0.0216	0.0211	0.0216	0.0216	0.0216	0.0216	0.023	0.0216	0.1214	0.0216	0.0215	0.0313	0.0216	0.0216	0.0216	0.0216	0.0444	0.0215	0.0216	0.0216	0.0216	0.0215	0.0214	0.025	0.0216	0.0216	0.0216	0.0216	0.0216	0.0216	0.0261	0.0216	0.0216	0.0214	0	0.0216	0.0216	0.0216	0.0216	0.0215	0.0216	0.0216	0.0205	0.0215	0.0216
  k	0.0214	0.0214	0.0213	0.0214	0.0214	0.0214	0.0209	0.0214	0.0209	0.0214	0.0214	0.0214	0.0214	0.0214	0.0214	0.0213	0.0214	0.0318	0.0214	0.0214	0.0214	0.0214	0.0214	0.0213	0.0214	0.0214	0.0214	0.0214	0.0213	0.0212	0.0214	0.0214	0.0214	0.0214	0.0214	0.0214	0.0214	0.0214	0.0214	0.0214	0.0212	0.0213	0	0.0214	0.0214	0.0214	0.0213	0.0213	0.0214	0.0203	0.0213	0.0214
  l	0.0208	0.0208	0.0207	0.0208	0.0208	0.0208	0.0203	0.0208	0.0334	0.0309	0.0208	0.0208	0.0209	0.0216	0.0208	0.0219	0.0208	0.0236	0.0208	0.0209	0.0208	0.0209	0.0208	0.0235	0.0207	0.0208	0.0208	0.0208	0.0207	0.0208	0.0209	0.0208	0.0266	0.022	0.0208	0.0208	0.0208	0.0278	0.0208	0.0208	0.0206	0.0207	0.0208	0	0.0208	0.0208	0.0207	0.0235	0.0208	0.0216	0.0207	0.0208
  m	0.0218	0.0218	0.0217	0.0218	0.0218	0.0234	0.0213	0.0218	0.0213	0.0218	0.0218	0.0218	0.022	0.0218	0.0218	0.0217	0.0218	0.0216	0.0218	0.0218	0.0218	0.0218	0.0218	0.0217	0.0217	0.0218	0.0218	0.0218	0.0217	0.0216	0.0218	0.0218	0.0218	0.0218	0.0218	0.0218	0.0218	0.0316	0.0218	0.0218	0.0216	0.0217	0.0218	0.0218	0	0.0218	0.0217	0.0217	0.0218	0.0206	0.0217	0.0218
  n	0.0196	0.0196	0.0196	0.0196	0.0196	0.0196	0.0192	0.0196	0.0192	0.0196	0.0196	0.0196	0.0196	0.0196	0.0196	0.0196	0.0196	0.0196	0.0196	0.0196	0.0196	0.0196	0.0196	0.0196	0.0197	0.0196	0.0196	0.0196	0.0196	0.0195	0.0196	0.0196	0.0196	0.0196	0.0196	0.0196	0.0196	0.0196	0.0196	0.0196	0.0195	0.0196	0.0196	0.0196	0.0196	0	0.0195	0.0196	0.0196	0.0278	0.0195	0.0196
  o	0.0189	0.0189	0.0228	0.02	0.0189	0.0189	0.0186	0.0189	0.0363	0.0189	0.0189	0.0189	0.0189	0.019	0.0189	0.0194	0.0189	0.0244	0.0189	0.0189	0.0189	0.0189	0.0189	0.0188	0.0189	0.0189	0.0189	0.0189	0.0188	0.0469	0.0202	0.0189	0.0189	0.0189	0.0189	0.0188	0.0189	0.0188	0.0189	0.0189	0.0189	0.0188	0.0189	0.0189	0.0189	0.0188	0	0.0284	0.0189	0.0286	0.0188	0.0189
  p	0.0119	0.012	0.0119	0.012	0.012	0.0119	0.0118	0.012	0.0207	0.0119	0.0119	0.0119	0.0119	0.0206	0.0119	0.0172	0.012	0.0179	0.0119	0.012	0.0119	0.0119	0.017	0.0192	0.0122	0.012	0.0119	0.0119	0.0119	0.012	0.0122	0.0119	0.0119	0.0119	0.0119	0.0143	0.0119	0.0119	0.0119	0.0119	0.0119	0.0119	0.0119	0.0136	0.0119	0.0119	0.0179	0	0.0119	0.0519	0.0119	0.0119
  q	0.0204	0.0238	0.0204	0.0204	0.0232	0.0204	0.02	0.0204	0.02	0.0204	0.0204	0.0204	0.0204	0.0204	0.0204	0.0204	0.0204	0.0203	0.0204	0.0204	0.0204	0.0204	0.0204	0.0204	0.0204	0.0204	0.0204	0.0204	0.0204	0.0203	0.0204	0.0204	0.0204	0.0204	0.0204	0.0204	0.0204	0.0204	0.0204	0.0204	0.0203	0.0204	0.0204	0.0204	0.0204	0.0204	0.0204	0.0204	0	0.0248	0.0204	0.0204
  r	0.0082	0.0291	0.0099	0.008	0.0207	0.0076	0.3175	0.0307	0.0321	0.0076	0.0077	0.0076	0.0076	0.039	0.0076	0.0141	0.0193	0.0357	0.0076	0.0077	0.0114	0.0076	0.0107	0.0082	0.0601	0.0076	0.0076	0.0115	0.0268	0.0111	0.0085	0.0089	0.0076	0.0076	0.0076	0.0076	0.0076	0.0077	0.0076	0.0115	0.0493	0.0076	0.0076	0.0083	0.0076	0.0114	0.0121	0.0349	0.0098	0	0.0089	0.0115
  s	0.017	0.017	0.017	0.017	0.017	0.017	0.0175	0.017	0.0723	0.017	0.017	0.017	0.017	0.017	0.017	0.0169	0.017	0.0254	0.017	0.0254	0.017	0.017	0.017	0.0169	0.0202	0.017	0.017	0.017	0.017	0.0506	0.017	0.017	0.017	0.017	0.017	0.017	0.017	0.017	0.017	0.017	0.0358	0.0169	0.017	0.017	0.017	0.017	0.0169	0.017	0.017	0.0188	0	0.017
  t	0.0195	0.0195	0.0194	0.0195	0.0195	0.0195	0.0191	0.0195	0.019	0.0195	0.0195	0.0195	0.0195	0.0194	0.0195	0.0194	0.0195	0.0193	0.0195	0.0195	0.0195	0.0195	0.0195	0.0194	0.0194	0.0195	0.0195	0.0195	0.0194	0.0193	0.0195	0.0195	0.0195	0.0195	0.0195	0.0195	0.0195	0.0194	0.0195	0.0195	0.0193	0.0194	0.0195	0.0195	0.0195	0.0194	0.0194	0.0194	0.0195	0.0278	0.0194	0
