Map from character to field name
A:	Avian
B:	Canine
C:	Equine
D:	Feline
E:	Mink
F:	Seal
G:	Swine
H:	?


Substitution rate (mu): 1.327402

Equilibrium frequencies (pi_i):
  A: 0.2058
  B: 0.1711
  C: 0.1256
  D: 0.1832
  E: 0.1295
  F: 0.1058
  G: 0.0789

Symmetrized rates from j->i (W_ij):
	A	B	C	D	E	F	G
  A	0	1.0158	0.7073	0.5937	0.4823	1.0671	2.8499
  B	1.0158	0	2.7755	2.421	0.9826	0.9854	1.279
  C	0.7073	2.7755	0	0.9379	0.9598	0.9673	0.6995
  D	0.5937	2.421	0.9379	0	1.0084	1.0063	0.9447
  E	0.4823	0.9826	0.9598	1.0084	0	1.0092	1.423
  F	1.0671	0.9854	0.9673	1.0063	1.0092	0	0.7494
  G	2.8499	1.279	0.6995	0.9447	1.423	0.7494	0

Actual rates from j->i (Q_ij):
	A	B	C	D	E	F	G
  A	0	0.209	0.1455	0.1222	0.0992	0.2196	0.5864
  B	0.1738	0	0.4748	0.4142	0.1681	0.1686	0.2188
  C	0.0889	0.3487	0	0.1178	0.1206	0.1215	0.0879
  D	0.1088	0.4436	0.1719	0	0.1848	0.1844	0.1731
  E	0.0625	0.1273	0.1243	0.1306	0	0.1307	0.1843
  F	0.1129	0.1043	0.1023	0.1065	0.1068	0	0.0793
  G	0.225	0.101	0.0552	0.0746	0.1123	0.0592	0
