{
  "generated_by": {
    "program": "augur",
    "version": "21.1.0"
  },
  "models": {
    "country": {
      "alphabet": [
        "Argentina",
        "Australia",
        "Austria",
        "Bangladesh",
        "Belgium",
        "Brazil",
        "Canada",
        "Chile",
        "China",
        "Czech Republic",
        "Egypt",
        "France",
        "Georgia",
        "Germany",
        "Guatemala",
        "Hong Kong",
        "India",
        "Italy",
        "Japan",
        "Malaysia",
        "Mexico",
        "Mongolia",
        "Netherlands",
        "Norway",
        "Russia",
        "South Africa",
        "South Korea",
        "Spain",
        "Sri Lanka",
        "Sweden",
        "Switzerland",
        "Taiwan",
        "Thailand",
        "Turkey",
        "United Kingdom",
        "Usa",
        "Vietnam",
        "Zambia",
        "?"
      ],
      "equilibrium_probabilities": [
        0.02841540898100756,
        0.027646606916416676,
        0.03246486973946756,
        0.03197854667684214,
        0.03218539489538604,
        0.029828705111011353,
        0.00438391511567844,
        0.020549858356204546,
        0.023714357151767652,
        0.03219515300209037,
        0.03209724616420058,
        0.02412691972791707,
        0.03218425038017347,
        0.027631709288813377,
        0.012220351956298909,
        0.019620418000362155,
        0.02902837581505435,
        0.032956321905431296,
        0.02164471197664238,
        0.028486973582748248,
        0.022404978560004812,
        0.02435861561830335,
        0.024297493760393626,
        0.031993705069932446,
        0.03238200769532765,
        0.0257557412409649,
        0.0178625964169281,
        0.031805748030891104,
        0.029287759092125488,
        0.03207993421063906,
        0.031431732092831725,
        0.03164582276267617,
        0.030823606140959244,
        0.032775866113354944,
        0.017066010889292646,
        0.011775351459763597,
        0.02019898494196949,
        0.02869395116012763
      ],
      "rate": 19.461481379710396,
      "transition_matrix": [
        [
          0.0,
          0.9120828620225613,
          0.9137265234131381,
          0.9135027126576226,
          0.9134616158418246,
          0.9135658979301564,
          0.8897244402191306,
          0.9139136495083499,
          0.9020818265271087,
          0.9138200246153553,
          0.9137957297654297,
          0.9133243192885558,
          0.9137743713442606,
          0.9034432641906587,
          0.9128814817539175,
          0.9131777367145645,
          0.9133903652994579,
          0.9119456633088769,
          0.9134407347671739,
          0.9141603589141828,
          0.9117133664173712,
          0.9054463058334209,
          0.9099060005980854,
          0.9141909854557294,
          0.91361829469452,
          0.9142963019892494,
          0.9083731571434561,
          0.9120571227032511,
          0.9141491457217826,
          0.9137706091003145,
          0.9138936115522156,
          0.9159856640388806,
          0.9127154772704195,
          0.9138040625955196,
          0.9143122754549391,
          1.2871486907937053,
          0.904956705088805,
          0.9138552953301757
        ],
        [
          0.9120828620225613,
          0.0,
          0.9118865952379771,
          0.9121938665628836,
          0.9165565963957221,
          0.9117268554352905,
          0.906311928945806,
          0.9192663983764504,
          2.25487032555503,
          0.9122025857921916,
          0.9116777948120094,
          0.9127327926138806,
          0.9119124387975966,
          0.9268236167802585,
          0.9141154257732592,
          0.9196184617682899,
          0.9128504561140477,
          0.9106355933992907,
          0.944674646690962,
          0.9132501719287418,
          0.9108779381411523,
          1.1877272078336185,
          1.0983708942406945,
          0.9140958825566805,
          1.1633227084720474,
          0.9168483505419079,
          1.027724122738552,
          0.9116261239588969,
          0.9125783170223126,
          0.9118792855635629,
          0.9118253247943139,
          0.9144187836702367,
          0.9115858095515447,
          0.9115966412063002,
          1.1281132227941917,
          1.2746385790931178,
          1.5132523760979677,
          0.9120867407715832
        ],
        [
          0.9137265234131381,
          0.9118865952379771,
          0.0,
          0.9133437671201867,
          0.9142065811980641,
          0.9137518194602583,
          0.8860496633213274,
          0.913297227793564,
          0.9001031995931023,
          0.9137036923390606,
          0.9136781642697714,
          0.9131331530816825,
          0.9136526243551805,
          3.164384059491709,
          0.9126481571715104,
          0.912420612553223,
          0.913218365653458,
          1.3686275692043677,
          0.913336125849156,
          0.9141005883862106,
          0.9114776096224334,
          0.9041711587275932,
          0.9097732429401371,
          0.914136918688309,
          0.9134763620661472,
          0.9142780378208321,
          0.9074607140983786,
          0.912385148513879,
          0.914008583181351,
          0.9136487044426614,
          0.9137666497430454,
          0.9157129261867244,
          0.9128311968840604,
          0.9136853488803268,
          0.9146951923388709,
          0.8502113890074856,
          0.903627116882676,
          0.9137337739315455
        ],
        [
          0.9135027126576226,
          0.9121938665628836,
          0.9133437671201867,
          0.0,
          0.9142790940374486,
          0.9131951149593543,
          0.8861430856906808,
          0.9130961700620286,
          1.3560895128332426,
          0.9134506975603212,
          0.9134933210636299,
          0.9129594587941021,
          0.9134272760658952,
          0.901855344807154,
          0.9125676674961978,
          0.912581442034529,
          0.9132356016936812,
          0.9113402077060491,
          0.9133277707352003,
          0.9140763967605421,
          0.9111793837538726,
          1.3062175013656527,
          0.9098865806558194,
          0.9140565503808543,
          0.9141412547175637,
          0.9143015788865637,
          0.9090634889797696,
          0.9114765962578367,
          0.9138644027729491,
          0.9133986845564055,
          0.9135177758970198,
          0.9155075480426755,
          0.9124186673985624,
          0.9134279861400927,
          0.9141479039039145,
          0.8512486877444291,
          1.9158447449291187,
          0.9135101523481738
        ],
        [
          0.9134616158418246,
          0.9165565963957221,
          0.9142065811980641,
          0.9142790940374486,
          0.0,
          0.913458662589115,
          0.8865455951255371,
          0.9146345883329118,
          0.9035313641616379,
          0.9135337848916,
          0.913374014372564,
          0.9131058095976157,
          0.9134308670615267,
          2.6501629789626207,
          0.9126182096302701,
          0.9124412213227654,
          0.9129929728632263,
          1.520327727396598,
          0.9157422649914762,
          0.9144937029195449,
          0.9114716904109279,
          0.9062594647080147,
          1.8222700684069602,
          0.914299759939797,
          0.914029679148221,
          0.9145929415373099,
          0.9093243279098091,
          0.967800752974814,
          0.9137422357125323,
          0.9134125846295074,
          0.913460277043455,
          0.9154187811593025,
          0.9272979128163125,
          0.9133714064699172,
          0.9225360473977657,
          0.8533577132703456,
          1.3520719824449678,
          0.9134669392821058
        ],
        [
          0.9135658979301564,
          0.9117268554352905,
          0.9137518194602583,
          0.9131951149593543,
          0.913458662589115,
          0.0,
          1.8658291721564986,
          0.9135378039048229,
          0.9016006045909243,
          0.9135184059832393,
          0.9134969062981034,
          0.9131095546744955,
          0.9134727939349757,
          0.9433913649557083,
          0.9127577524410533,
          0.9989901261681322,
          0.9131018160744108,
          0.9181871998887396,
          0.9133104777555673,
          0.9139610502350994,
          1.117330695574154,
          0.9048405984710708,
          0.909608785836732,
          0.9139674718137152,
          0.9133443374984141,
          0.9141361781467515,
          0.911417667241904,
          0.9124081422655427,
          0.913902841138877,
          0.9134690846800356,
          0.9135850863421225,
          0.9160702182711363,
          0.91258175664686,
          0.9134987580405775,
          0.914218556359888,
          0.8944176633338429,
          0.9044350542111951,
          0.9135915126065471
        ],
        [
          0.8897244402191306,
          0.906311928945806,
          0.8860496633213274,
          0.8861430856906808,
          0.8865455951255371,
          1.8658291721564986,
          0.0,
          1.62747688848396,
          1.0064816229812854,
          0.8861063579713483,
          0.8860097379175335,
          0.8936846871091222,
          0.886024709134259,
          1.5835187735546388,
          1.2388592851504445,
          2.9966904352897408,
          0.8908467931801124,
          1.1083531986132538,
          1.1661271633734627,
          0.8899911590754216,
          3.375836750399362,
          0.8929042712644626,
          0.9157730836817042,
          0.8862764380871248,
          0.8859284575275109,
          0.8917240658722088,
          2.088913403269367,
          0.8867801306073744,
          0.9318180546847373,
          0.8861030936425157,
          0.8869808826174685,
          0.9074498364517224,
          1.3354784312641046,
          0.8854358623045977,
          0.9035759213876516,
          47.56920660164272,
          0.8974420810033248,
          0.8925066245746885
        ],
        [
          0.9139136495083499,
          0.9192663983764504,
          0.913297227793564,
          0.9130961700620286,
          0.9146345883329118,
          0.9135378039048229,
          1.62747688848396,
          0.0,
          0.9174845932637897,
          0.9144299793577926,
          0.9131935855130464,
          0.9153998379620669,
          0.9138038904801451,
          0.9098798864509072,
          0.9183436433618973,
          0.9203396059316686,
          0.9137825096112777,
          0.9124544980945865,
          0.9287116473145117,
          0.9149169402397426,
          0.9138263654622205,
          0.9110594315427772,
          0.9992148130355998,
          0.9139650518917853,
          0.9138152385312455,
          0.915413793175748,
          0.926799786484627,
          0.9124027216820892,
          0.9142436341669148,
          0.9137688017413415,
          0.9135489824936727,
          0.9170503682661842,
          0.9127621017217178,
          0.9131683502694028,
          0.9304790258914363,
          2.983686711835536,
          0.9107865431988973,
          0.9139330309935466
        ],
        [
          0.9020818265271087,
          2.25487032555503,
          0.9001031995931023,
          1.3560895128332426,
          0.9035313641616379,
          0.9016006045909243,
          1.0064816229812854,
          0.9174845932637897,
          0.0,
          0.9010717697574879,
          0.9031252092918066,
          1.3628598827074014,
          0.9084933907928628,
          0.9019654822692782,
          0.9120636133387376,
          6.514904042027979,
          1.3811489118257378,
          0.898928151352105,
          1.5617556238981867,
          0.909538378174974,
          0.9042324242684482,
          6.82835745926308,
          1.7895623088063533,
          1.0082316846196713,
          1.1829614001356934,
          1.1361256500085006,
          5.141849051023393,
          0.8994960480434722,
          1.0254006815569072,
          0.9009443791750777,
          0.9008195305856758,
          0.9211682736694947,
          1.6273094027361061,
          0.8999261627513035,
          0.9634701975727944,
          3.9605241430383766,
          7.465560788150436,
          0.9053725771926638
        ],
        [
          0.9138200246153553,
          0.9122025857921916,
          0.9137036923390606,
          0.9134506975603212,
          0.9135337848916,
          0.9135184059832393,
          0.8861063579713483,
          0.9144299793577926,
          0.9010717697574879,
          0.0,
          0.9137813446436208,
          0.9132208842336497,
          0.9137683769263241,
          0.9023800553074095,
          0.9127210178225905,
          0.9125378674236593,
          0.9133213623158565,
          0.9117121637631392,
          0.9138174527845796,
          0.9146141781766857,
          0.9114181243483369,
          0.9044565305682913,
          1.8198780704669113,
          0.9146289076790011,
          0.9135870329902805,
          0.9148466355269509,
          0.9084279813224888,
          0.9118545100698532,
          0.9141005004812699,
          0.9137563797830976,
          0.9138673449583362,
          0.915807789402594,
          0.91258521023329,
          0.9137904890928602,
          0.9149593340054365,
          0.851762774790253,
          0.9042874229533603,
          0.9138275028120186
        ],
        [
          0.9137957297654297,
          0.9116777948120094,
          0.9136781642697714,
          0.9134933210636299,
          0.913374014372564,
          0.9134969062981034,
          0.8860097379175335,
          0.9131935855130464,
          0.9031252092918066,
          0.9137813446436208,
          0.0,
          0.9131942602398985,
          0.9137354760957352,
          0.9020541683998644,
          0.91268274783284,
          0.9124548882973302,
          0.9133506400737103,
          0.9116666742078806,
          0.9131227085093798,
          0.9141758812818481,
          0.911400005181669,
          1.1994455273782498,
          0.9088835221472417,
          0.9142096172939694,
          0.9135706309913021,
          0.9143300460987487,
          0.9075993721551306,
          0.9117928087656633,
          0.914077567819312,
          0.9137282766495212,
          0.9138432791692501,
          0.9157619774370196,
          0.9125438857153102,
          0.9137665684458235,
          0.9142337347043132,
          0.8506764218537807,
          1.0585553984298512,
          0.9138036377159466
        ],
        [
          0.9133243192885558,
          0.9127327926138806,
          0.9131331530816825,
          0.9129594587941021,
          0.9131058095976157,
          0.9131095546744955,
          0.8936846871091222,
          0.9153998379620669,
          1.3628598827074014,
          0.9132208842336497,
          0.9131942602398985,
          0.0,
          0.9131822977132699,
          1.3571469523665078,
          0.912984905006601,
          0.9139413005911527,
          0.9129522654271113,
          0.9117058651373757,
          0.9141847918344653,
          0.9138177631630184,
          0.9117055851766807,
          0.9064103038396618,
          1.3668924234899424,
          0.9138616772818599,
          0.9131612051243053,
          0.9142122703139733,
          0.9097441959455443,
          0.9118337777642926,
          0.9137488769683134,
          0.9131778867613509,
          1.33755106638867,
          0.9157494262507516,
          0.9124014905317044,
          1.3701039165861626,
          0.9703180505976097,
          2.0424962740450563,
          0.9063135201209905,
          0.9133656378865646
        ],
        [
          0.9137743713442606,
          0.9119124387975966,
          0.9136526243551805,
          0.9134272760658952,
          0.9134308670615267,
          0.9134727939349757,
          0.886024709134259,
          0.9138038904801451,
          0.9084933907928628,
          0.9137683769263241,
          0.9137354760957352,
          0.9131822977132699,
          0.0,
          0.9022043784547245,
          0.9126866925664477,
          0.9124812723703694,
          0.9134079420400575,
          0.9116501888836104,
          0.9134755361278355,
          0.9144719216815484,
          0.911379737589511,
          1.0658513294658791,
          1.3727277967447107,
          0.9143918871720721,
          0.9135650021649855,
          0.9145688883698168,
          0.9082256443197797,
          0.9117849466076033,
          0.9140560203619402,
          0.913708668444347,
          0.9138181562800479,
          0.915754498785385,
          0.9125650155534191,
          0.9137398123007137,
          0.9145805151155724,
          0.8511734925817701,
          1.189558070565211,
          0.9137818215371345
        ],
        [
          0.9034432641906587,
          0.9268236167802585,
          3.164384059491709,
          0.901855344807154,
          2.6501629789626207,
          0.9433913649557083,
          1.5835187735546388,
          0.9098798864509072,
          0.9019654822692782,
          0.9023800553074095,
          0.9020541683998644,
          1.3571469523665078,
          0.9022043784547245,
          0.0,
          0.9086989399592034,
          0.9096361309271016,
          0.9028475539055133,
          3.291589258151793,
          0.9171186519089658,
          0.9048889842385694,
          1.07607432713672,
          0.8984784867262777,
          3.3027551452668464,
          0.9034763121837626,
          0.902105919175652,
          0.9060539363744432,
          0.9067411949718582,
          5.924619014699422,
          0.9034256852501927,
          0.9022066895311327,
          0.9023878705345107,
          0.9041705709471308,
          1.3183812719246548,
          0.90181412339595,
          0.9498028817645364,
          0.8713255660024364,
          0.9004419102090259,
          0.9033536200278101
        ],
        [
          0.9128814817539175,
          0.9141154257732592,
          0.9126481571715104,
          0.9125676674961978,
          0.9126182096302701,
          0.9127577524410533,
          1.2388592851504445,
          0.9183436433618973,
          0.9120636133387376,
          0.9127210178225905,
          0.91268274783284,
          0.912984905006601,
          0.9126866925664477,
          0.9086989399592034,
          0.0,
          0.9177770995734216,
          0.9127269371594116,
          0.9118963306334188,
          0.9151727630511197,
          0.9130986389478073,
          0.9122823735231476,
          0.9095388880366391,
          0.915872178107092,
          0.9128742314496187,
          0.9126237389992803,
          0.9131569083146905,
          0.9119435302293425,
          0.9119730484883855,
          0.9135433047042248,
          0.9126872511587326,
          0.9128939089343691,
          0.9169625034303919,
          0.9122810751585393,
          0.9126615359861451,
          0.9142888353013475,
          8.2832254109671,
          0.9095607702330066,
          0.9130059377081705
        ],
        [
          0.9131777367145645,
          0.9196184617682899,
          0.912420612553223,
          0.912581442034529,
          0.9124412213227654,
          0.9989901261681322,
          2.9966904352897408,
          0.9203396059316686,
          6.514904042027979,
          0.9125378674236593,
          0.9124548882973302,
          0.9139413005911527,
          0.9124812723703694,
          0.9096361309271016,
          0.9177770995734216,
          0.0,
          0.9159268846800284,
          0.9511357801854274,
          0.9373675817010172,
          0.9136121256737942,
          1.1402630175206598,
          0.9092454090000152,
          0.9193760168734845,
          0.9141523765550104,
          0.9136785041574461,
          0.9160793912196797,
          0.9154134162723375,
          0.9113455713410219,
          1.0156787742301394,
          0.9124663653794232,
          0.9127543484836655,
          1.199917070246346,
          0.912490846823546,
          0.9124253295039237,
          0.9175668049421118,
          1.9408217249193445,
          0.9098263141389342,
          0.9503911261480481
        ],
        [
          0.9133903652994579,
          0.9128504561140477,
          0.913218365653458,
          0.9132356016936812,
          0.9129929728632263,
          0.9131018160744108,
          0.8908467931801124,
          0.9137825096112777,
          1.3811489118257378,
          0.9133213623158565,
          0.9133506400737103,
          0.9129522654271113,
          0.9134079420400575,
          0.9028475539055133,
          0.9127269371594116,
          0.9159268846800284,
          0.0,
          0.911397647342128,
          0.9136859104412158,
          0.9139788323140594,
          0.9113404500937039,
          1.6130700804893898,
          0.9175022592900983,
          0.9138761881228635,
          0.9133396495380774,
          0.9141439635377424,
          0.90941573772627,
          0.9115294304877055,
          0.9144879236619401,
          0.9132719927538699,
          0.913405264881399,
          0.9156284569609294,
          0.9124027316095733,
          0.9132920126598231,
          0.9141880918905617,
          1.2824017041562634,
          1.9825405834219223,
          0.9150765392601197
        ],
        [
          0.9119456633088769,
          0.9106355933992907,
          1.3686275692043677,
          0.9113402077060491,
          1.520327727396598,
          0.9181871998887396,
          1.1083531986132538,
          0.9124544980945865,
          0.898928151352105,
          0.9117121637631392,
          0.9116666742078806,
          0.9117058651373757,
          0.9116501888836104,
          3.291589258151793,
          0.9118963306334188,
          0.9511357801854274,
          0.911397647342128,
          0.0,
          0.9124999160802207,
          0.912416006775319,
          1.1097267405032625,
          0.9026266852672771,
          1.0016783017223383,
          0.9122258116805493,
          0.9114728785612979,
          0.912764437856841,
          0.9065987808757562,
          0.9364922117758573,
          0.9122024991183183,
          0.9116508717747251,
          0.9117928348229885,
          0.913995996188282,
          0.9111221170811058,
          0.9116310684517257,
          1.3708729521654492,
          0.8522367585525956,
          0.9024575952638376,
          0.911942975850233
        ],
        [
          0.9134407347671739,
          0.944674646690962,
          0.913336125849156,
          0.9133277707352003,
          0.9157422649914762,
          0.9133104777555673,
          1.1661271633734627,
          0.9287116473145117,
          1.5617556238981867,
          0.9138174527845796,
          0.9131227085093798,
          0.9141847918344653,
          0.9134755361278355,
          0.9171186519089658,
          0.9151727630511197,
          0.9373675817010172,
          0.9136859104412158,
          0.9124999160802207,
          0.0,
          0.9157683113051318,
          0.9127376960608216,
          1.372042636076815,
          1.295388208310789,
          0.9142371029279907,
          0.9139622762874007,
          0.9150329720879732,
          1.6239407583854457,
          0.9127975947969593,
          1.0731799029330058,
          0.9134134010934843,
          0.9133028636979671,
          0.9162168099783167,
          0.9132266707952457,
          0.9130836689405346,
          0.972760736125321,
          2.6667606904626355,
          2.4215173966124763,
          0.9148041817737513
        ],
        [
          0.9141603589141828,
          0.9132501719287418,
          0.9141005883862106,
          0.9140763967605421,
          0.9144937029195449,
          0.9139610502350994,
          0.8899911590754216,
          0.9149169402397426,
          0.909538378174974,
          0.9146141781766857,
          0.9141758812818481,
          0.9138177631630184,
          0.9144719216815484,
          0.9048889842385694,
          0.9130986389478073,
          0.9136121256737942,
          0.9139788323140594,
          0.912416006775319,
          0.9157683113051318,
          0.0,
          0.9120668532719511,
          0.913077892146299,
          1.2093849090806952,
          0.9148439777903034,
          0.9144036565225648,
          0.9148815355461336,
          1.0355211124024062,
          0.9124675091683936,
          0.9144995488207067,
          0.9143439943423618,
          0.9142411463070537,
          0.9163501743070185,
          0.9132381555870145,
          0.9141706433403419,
          0.9152604608844187,
          1.3026158274625164,
          0.9482106032728393,
          0.914189419243943
        ],
        [
          0.9117133664173712,
          0.9108779381411523,
          0.9114776096224334,
          0.9111793837538726,
          0.9114716904109279,
          1.117330695574154,
          3.375836750399362,
          0.9138263654622205,
          0.9042324242684482,
          0.9114181243483369,
          0.911400005181669,
          0.9117055851766807,
          0.911379737589511,
          1.07607432713672,
          0.9122823735231476,
          1.1402630175206598,
          0.9113404500937039,
          1.1097267405032625,
          0.9127376960608216,
          0.9120668532719511,
          0.0,
          0.9054696146390716,
          0.9103442933259194,
          0.9116977228922631,
          0.9112306007129263,
          0.9122618085613706,
          1.0047646951315694,
          0.9104517184346649,
          0.9121720206220473,
          0.9113843983588333,
          0.9115569807934295,
          0.9165129530573755,
          0.9108167803993615,
          0.9113555379470925,
          0.9132447226875517,
          1.810510352804797,
          0.9055257574609982,
          0.9118321328668683
        ],
        [
          0.9054463058334209,
          1.1877272078336185,
          0.9041711587275932,
          1.3062175013656527,
          0.9062594647080147,
          0.9048405984710708,
          0.8929042712644626,
          0.9110594315427772,
          6.82835745926308,
          0.9044565305682913,
          1.1994455273782498,
          0.9064103038396618,
          1.0658513294658791,
          0.8984784867262777,
          0.9095388880366391,
          0.9092454090000152,
          1.6130700804893898,
          0.9026266852672771,
          1.372042636076815,
          0.913077892146299,
          0.9054696146390716,
          0.0,
          3.4090588423197223,
          0.9088804522162793,
          1.0194779015890485,
          0.9123446451317565,
          2.5173127630557968,
          0.9031022584322982,
          0.9064899171962317,
          0.9081873873211638,
          0.9045868886906978,
          0.9067962481978733,
          0.9235747017148579,
          0.904130920847185,
          0.913371373963116,
          0.8757038234609575,
          7.289518978907774,
          0.9053974517208006
        ],
        [
          0.9099060005980854,
          1.0983708942406945,
          0.9097732429401371,
          0.9098865806558194,
          1.8222700684069602,
          0.909608785836732,
          0.9157730836817042,
          0.9992148130355998,
          1.7895623088063533,
          1.8198780704669113,
          0.9088835221472417,
          1.3668924234899424,
          1.3727277967447107,
          3.3027551452668464,
          0.915872178107092,
          0.9193760168734845,
          0.9175022592900983,
          1.0016783017223383,
          1.295388208310789,
          1.2093849090806952,
          0.9103442933259194,
          3.4090588423197223,
          0.0,
          1.238996227328129,
          1.3637338044455676,
          1.1750898794269928,
          2.121935243018425,
          0.9259501986074795,
          0.9105412565487643,
          1.3589845584716678,
          0.909147945565562,
          0.9118475668557382,
          0.9215604050578061,
          0.9086382312433761,
          1.205997223169557,
          1.5112360549368713,
          2.0766471707158622,
          0.9098729831413437
        ],
        [
          0.9141909854557294,
          0.9140958825566805,
          0.914136918688309,
          0.9140565503808543,
          0.914299759939797,
          0.9139674718137152,
          0.8862764380871248,
          0.9139650518917853,
          1.0082316846196713,
          0.9146289076790011,
          0.9142096172939694,
          0.9138616772818599,
          0.9143918871720721,
          0.9034763121837626,
          0.9128742314496187,
          0.9141523765550104,
          0.9138761881228635,
          0.9122258116805493,
          0.9142371029279907,
          0.9148439777903034,
          0.9116977228922631,
          0.9088804522162793,
          1.238996227328129,
          0.0,
          0.9144146515097515,
          1.058689617175294,
          0.9096736848976632,
          0.9122869217000263,
          0.914586478407095,
          0.9143741444586934,
          0.9142696335653574,
          0.9162012940265258,
          0.9133120603234685,
          0.9142226619207721,
          0.9148126270088229,
          0.8525947576074336,
          0.907508384870149,
          0.9142064663970423
        ],
        [
          0.91361829469452,
          1.1633227084720474,
          0.9134763620661472,
          0.9141412547175637,
          0.914029679148221,
          0.9133443374984141,
          0.8859284575275109,
          0.9138152385312455,
          1.1829614001356934,
          0.9135870329902805,
          0.9135706309913021,
          0.9131612051243053,
          0.9135650021649855,
          0.902105919175652,
          0.9126237389992803,
          0.9136785041574461,
          0.9133396495380774,
          0.9114728785612979,
          0.9139622762874007,
          0.9144036565225648,
          0.9112306007129263,
          1.0194779015890485,
          1.3637338044455676,
          0.9144146515097515,
          0.0,
          0.9147037758598864,
          0.9098809524099073,
          0.9116100125286082,
          0.9140185546238763,
          0.9135309596635266,
          0.9136390917555172,
          0.9156437543882099,
          0.9127530786924126,
          0.9135598122081893,
          0.9152497281383112,
          0.8516441121724146,
          1.6620948972749876,
          0.9136281369681702
        ],
        [
          0.9142963019892494,
          0.9168483505419079,
          0.9142780378208321,
          0.9143015788865637,
          0.9145929415373099,
          0.9141361781467515,
          0.8917240658722088,
          0.915413793175748,
          1.1361256500085006,
          0.9148466355269509,
          0.9143300460987487,
          0.9142122703139733,
          0.9145688883698168,
          0.9060539363744432,
          0.9131569083146905,
          0.9160793912196797,
          0.9141439635377424,
          0.912764437856841,
          0.9150329720879732,
          0.9148815355461336,
          0.9122618085613706,
          0.9123446451317565,
          1.1750898794269928,
          1.058689617175294,
          0.9147037758598864,
          0.0,
          0.9117391723426612,
          0.9127937532021677,
          0.9148150198445384,
          0.9145491516976691,
          0.9144107456075236,
          0.9167190236630077,
          0.913776918956583,
          0.9143424330009835,
          0.9149396261287838,
          1.7263369428469362,
          0.9107158445738549,
          0.9143454307596773
        ],
        [
          0.9083731571434561,
          1.027724122738552,
          0.9074607140983786,
          0.9090634889797696,
          0.9093243279098091,
          0.911417667241904,
          2.088913403269367,
          0.926799786484627,
          5.141849051023393,
          0.9084279813224888,
          0.9075993721551306,
          0.9097441959455443,
          0.9082256443197797,
          0.9067411949718582,
          0.9119435302293425,
          0.9154134162723375,
          0.90941573772627,
          0.9065987808757562,
          1.6239407583854457,
          1.0355211124024062,
          1.0047646951315694,
          2.5173127630557968,
          2.121935243018425,
          0.9096736848976632,
          0.9098809524099073,
          0.9117391723426612,
          0.0,
          0.9068124755005784,
          0.9099047545776088,
          0.9080372767871656,
          0.9077749276363777,
          0.9110735651272199,
          0.9082497137321074,
          0.9073610261132671,
          0.9236283237815419,
          3.753810641447677,
          2.797939536129131,
          0.9084264064777068
        ],
        [
          0.9120571227032511,
          0.9116261239588969,
          0.912385148513879,
          0.9114765962578367,
          0.967800752974814,
          0.9124081422655427,
          0.8867801306073744,
          0.9124027216820892,
          0.8994960480434722,
          0.9118545100698532,
          0.9117928087656633,
          0.9118337777642926,
          0.9117849466076033,
          5.924619014699422,
          0.9119730484883855,
          0.9113455713410219,
          0.9115294304877055,
          0.9364922117758573,
          0.9127975947969593,
          0.9124675091683936,
          0.9104517184346649,
          0.9031022584322982,
          0.9259501986074795,
          0.9122869217000263,
          0.9116100125286082,
          0.9127937532021677,
          0.9068124755005784,
          0.0,
          0.9122842898836033,
          0.9117857903840572,
          0.9119140990312866,
          0.9138123991974297,
          0.9363921306692731,
          0.9117594305290756,
          0.9158048251306365,
          0.8514385640711514,
          0.9028703711438965,
          0.9120485576014806
        ],
        [
          0.9141491457217826,
          0.9125783170223126,
          0.914008583181351,
          0.9138644027729491,
          0.9137422357125323,
          0.913902841138877,
          0.9318180546847373,
          0.9142436341669148,
          1.0254006815569072,
          0.9141005004812699,
          0.914077567819312,
          0.9137488769683134,
          0.9140560203619402,
          0.9034256852501927,
          0.9135433047042248,
          1.0156787742301394,
          0.9144879236619401,
          0.9122024991183183,
          1.0731799029330058,
          0.9144995488207067,
          0.9121720206220473,
          0.9064899171962317,
          0.9105412565487643,
          0.914586478407095,
          0.9140185546238763,
          0.9148150198445384,
          0.9099047545776088,
          0.9122842898836033,
          0.0,
          0.9140491774904409,
          0.9141810891339585,
          0.9166413329441901,
          0.9131820884016487,
          0.9140903259014801,
          0.9148695436059966,
          1.1348200492152292,
          0.9068756404901586,
          0.9245306596435869
        ],
        [
          0.9137706091003145,
          0.9118792855635629,
          0.9136487044426614,
          0.9133986845564055,
          0.9134125846295074,
          0.9134690846800356,
          0.8861030936425157,
          0.9137688017413415,
          0.9009443791750777,
          0.9137563797830976,
          0.9137282766495212,
          0.9131778867613509,
          0.913708668444347,
          0.9022066895311327,
          0.9126872511587326,
          0.9124663653794232,
          0.9132719927538699,
          0.9116508717747251,
          0.9134134010934843,
          0.9143439943423618,
          0.9113843983588333,
          0.9081873873211638,
          1.3589845584716678,
          0.9143741444586934,
          0.9135309596635266,
          0.9145491516976691,
          0.9080372767871656,
          0.9117857903840572,
          0.9140491774904409,
          0.0,
          0.9138140264106543,
          0.9157346464790159,
          0.9125243041508406,
          0.9137357337343412,
          0.9145563744794372,
          0.8512852947820088,
          0.9042743436812387,
          0.9137778601197085
        ],
        [
          0.9138936115522156,
          0.9118253247943139,
          0.9137666497430454,
          0.9135177758970198,
          0.913460277043455,
          0.9135850863421225,
          0.8869808826174685,
          0.9135489824936727,
          0.9008195305856758,
          0.9138673449583362,
          0.9138432791692501,
          1.33755106638867,
          0.9138181562800479,
          0.9023878705345107,
          0.9128939089343691,
          0.9127543484836655,
          0.913405264881399,
          0.9117928348229885,
          0.9133028636979671,
          0.9142411463070537,
          0.9115569807934295,
          0.9045868886906978,
          0.909147945565562,
          0.9142696335653574,
          0.9136390917555172,
          0.9144107456075236,
          0.9077749276363777,
          0.9119140990312866,
          0.9141810891339585,
          0.9138140264106543,
          0.0,
          0.9159493096628255,
          0.912642579233211,
          0.913880892577073,
          0.9143974128804063,
          0.9706089124274674,
          0.9040352030834026,
          0.913906928307613
        ],
        [
          0.9159856640388806,
          0.9144187836702367,
          0.9157129261867244,
          0.9155075480426755,
          0.9154187811593025,
          0.9160702182711363,
          0.9074498364517224,
          0.9170503682661842,
          0.9211682736694947,
          0.915807789402594,
          0.9157619774370196,
          0.9157494262507516,
          0.915754498785385,
          0.9041705709471308,
          0.9169625034303919,
          1.199917070246346,
          0.9156284569609294,
          0.913995996188282,
          0.9162168099783167,
          0.9163501743070185,
          0.9165129530573755,
          0.9067962481978733,
          0.9118475668557382,
          0.9162012940265258,
          0.9156437543882099,
          0.9167190236630077,
          0.9110735651272199,
          0.9138123991974297,
          0.9166413329441901,
          0.9157346464790159,
          0.9159493096628255,
          0.0,
          0.9147259185101769,
          0.91581139133529,
          0.9174355587746217,
          0.9286737936389692,
          0.906191119455743,
          0.9161580624885681
        ],
        [
          0.9127154772704195,
          0.9115858095515447,
          0.9128311968840604,
          0.9124186673985624,
          0.9272979128163125,
          0.91258175664686,
          1.3354784312641046,
          0.9127621017217178,
          1.6273094027361061,
          0.91258521023329,
          0.9125438857153102,
          0.9124014905317044,
          0.9125650155534191,
          1.3183812719246548,
          0.9122810751585393,
          0.912490846823546,
          0.9124027316095733,
          0.9111221170811058,
          0.9132266707952457,
          0.9132381555870145,
          0.9108167803993615,
          0.9235747017148579,
          0.9215604050578061,
          0.9133120603234685,
          0.9127530786924126,
          0.913776918956583,
          0.9082497137321074,
          0.9363921306692731,
          0.9131820884016487,
          0.9125243041508406,
          0.912642579233211,
          0.9147259185101769,
          0.0,
          0.9125209341628486,
          0.9141337845564984,
          0.8537161136029473,
          1.5641875520506525,
          0.9127185696810677
        ],
        [
          0.9138040625955196,
          0.9115966412063002,
          0.9136853488803268,
          0.9134279861400927,
          0.9133714064699172,
          0.9134987580405775,
          0.8854358623045977,
          0.9131683502694028,
          0.8999261627513035,
