Map from character to field name
A:	Argentina
B:	Australia
C:	Austria
D:	Bangladesh
E:	Belgium
F:	Brazil
G:	Canada
H:	Chile
I:	China
J:	Czech Republic
K:	Denmark
L:	France
M:	Georgia
N:	Germany
O:	Guatemala
P:	Hong Kong
Q:	Hungary
R:	Iceland
S:	India
T:	Iran
U:	Italy
V:	Japan
W:	Kazakhstan
X:	Laos
Y:	Malaysia
Z:	Mexico
[:	Mongolia
\:	Netherlands
]:	Nigeria
^:	Peru
_:	Poland
`:	Romania
a:	Russia
b:	Singapore
c:	South Africa
d:	South Korea
e:	Spain
f:	Sri Lanka
g:	Sweden
h:	Switzerland
i:	Taiwan
j:	Thailand
k:	United Kingdom
l:	Usa
m:	Vietnam
n:	Zambia
o:	?


Substitution rate (mu): 28.350773

Equilibrium frequencies (pi_i):
  A: 0.0236
  B: 0.0198
  C: 0.0276
  D: 0.0271
  E: 0.0291
  F: 0.0204
  G: 0.0038
  H: 0.0158
  I: 0.0111
  J: 0.028
  K: 0.0267
  L: 0.0208
  M: 0.0277
  N: 0.0231
  O: 0.0175
  P: 0.0148
  Q: 0.0273
  R: 0.0275
  S: 0.024
  T: 0.027
  U: 0.0194
  V: 0.0144
  W: 0.0227
  X: 0.0245
  Y: 0.0238
  Z: 0.0204
  [: 0.0135
  \: 0.0226
  ]: 0.0238
  ^: 0.0192
  _: 0.0265
  `: 0.0262
  a: 0.0235
  b: 0.0264
  c: 0.0214
  d: 0.0115
  e: 0.0277
  f: 0.0275
  g: 0.0264
  h: 0.026
  i: 0.0239
  j: 0.0216
  k: 0.0124
  l: 0.009
  m: 0.019
  n: 0.0241

Symmetrized rates from j->i (W_ij):
	A	B	C	D	E	F	G	H	I	J	K	L	M	N	O	P	Q	R	S	T	U	V	W	X	Y	Z	[	\	]	^	_	`	a	b	c	d	e	f	g	h	i	j	k	l	m	n
  A	0	0.9483	0.95	0.9498	0.9502	0.9499	1.4069	0.9495	0.9386	0.9503	0.95	1.0901	0.9501	0.9464	0.9498	1.3133	0.9502	0.9501	0.9497	0.95	0.9486	0.9494	0.9502	0.9501	0.95	0.9485	0.9459	0.9505	0.95	0.95	0.9502	0.9502	0.9498	0.95	0.95	0.9463	0.9486	0.9501	0.9501	0.9502	0.9498	0.9481	0.9491	1.3638	0.9468	0.9499
  B	0.9483	0	0.9477	1.303	0.9484	0.9485	0.9519	0.9618	2.5667	0.9484	0.9479	0.9491	0.948	0.9455	0.9489	0.9533	0.948	0.9479	0.9484	0.9479	0.9618	0.9858	0.9493	0.9483	0.9482	0.9474	1.1492	0.994	0.9482	0.9488	0.9482	0.948	0.9494	0.9479	0.9486	0.9514	0.9466	0.9478	0.9492	0.9481	0.948	0.947	0.9502	2.0228	0.9743	0.9483
  C	0.95	0.9477	0	0.9496	0.9506	0.9495	0.936	0.9492	0.9353	0.9502	0.9501	0.95	0.95	3.3189	0.9496	0.9468	0.9501	0.95	0.9496	0.9498	0.9491	0.949	0.95	0.95	0.9499	0.9481	0.9452	0.9514	0.9499	0.9499	0.95	0.95	0.9497	0.9499	0.9499	0.9455	0.9484	0.9499	0.95	0.95	0.9495	0.9475	0.9488	0.9031	0.9458	0.9498
  D	0.9498	1.303	0.9496	0	0.9504	0.9494	0.9362	0.9492	1.2385	0.9505	0.9497	0.9499	0.9501	0.9451	0.9495	0.947	0.9502	0.95	0.9596	0.9498	0.948	0.9491	0.9503	0.9498	0.9497	0.948	2.5154	1.0166	0.9497	0.9497	0.9498	0.9498	0.9506	0.9497	0.9499	0.9723	0.9481	0.9497	0.9508	0.9498	0.9494	0.9476	0.9487	0.9031	1.2977	0.9498
  E	0.9502	0.9484	0.9506	0.9504	0	0.9498	0.9365	0.9495	1.0849	0.9507	0.9505	0.9506	0.9515	1.3958	0.9499	0.9506	1.1087	0.9504	0.9518	0.9501	1.446	0.9496	0.9509	0.9502	0.9501	0.9482	1.7795	1.4396	0.9501	0.9502	0.9503	0.9502	1.8683	0.9501	0.9503	0.9473	1.4097	0.9501	0.9513	0.9502	0.9498	0.9483	0.9532	0.9206	0.9478	0.9502
  F	0.9499	0.9485	0.9495	0.9494	0.9498	0	4.0635	1.3216	0.9397	0.9498	0.9499	1.0351	0.9496	0.9469	0.9496	0.9716	0.9497	0.9496	0.9494	0.9495	1.0252	0.9494	0.9499	0.9498	0.9496	0.9936	0.9463	0.9504	0.9496	0.9497	0.9498	0.9498	0.9495	0.9496	0.9497	0.9468	0.9484	0.9496	0.9497	0.9498	0.9495	0.9872	0.9491	1.6804	0.947	0.9496
  G	1.4069	0.9519	0.936	0.9362	0.9365	4.0635	0	1.8201	3.2559	0.936	1.3466	1.2967	0.9359	0.9439	0.9835	4.6307	0.9361	0.936	0.9381	0.9363	1.3609	1.6161	0.9445	0.9393	0.938	2.7369	0.947	0.9451	0.938	0.9489	0.9372	0.9375	0.9839	0.9366	0.9393	2.1471	0.9358	0.936	0.9371	0.9376	0.9396	3.2689	0.9498	42.3942	0.9505	0.9379
  H	0.9495	0.9618	0.9492	0.9492	0.9495	1.3216	1.8201	0	0.9797	0.9494	0.9493	0.9883	0.9493	0.9476	0.9497	0.9525	0.9493	0.9493	0.9493	0.9492	0.9493	0.9596	0.95	0.9496	0.9494	0.9488	0.9515	0.9506	0.9508	0.9497	0.9494	0.9495	0.9496	0.9493	0.9496	0.9494	0.9483	0.9492	0.9495	0.9495	0.9493	0.9485	1.0121	3.4384	0.9534	0.9494
  I	0.9386	2.5667	0.9353	1.2385	1.0849	0.9397	3.2559	0.9797	0	0.9471	0.9476	1.4574	0.9395	1.4055	0.941	7.166	0.9364	0.9359	1.271	1.1381	0.954	3.1546	2.7399	0.9714	0.9372	0.9388	7.9559	2.6717	0.9372	0.9399	1.4013	0.9361	1.8391	1.4033	0.939	7.1779	0.9349	0.9351	2.2065	0.9362	0.9416	1.882	0.9586	6.7073	8.1315	0.9378
  J	0.9503	0.9484	0.9502	0.9505	0.9507	0.9498	0.936	0.9494	0.9471	0	0.9502	0.9503	0.9506	0.9455	0.9499	0.947	0.9506	0.9505	0.9504	0.9502	0.9484	0.9523	0.9506	0.9503	0.9502	0.9483	1.1499	1.4274	0.9502	0.9501	0.9503	0.9503	0.9516	0.9502	0.9503	0.9465	0.9486	0.9503	1.3314	0.9503	0.9499	0.9479	0.9489	0.9042	0.9491	0.9504
  K	0.95	0.9479	0.9501	0.9497	0.9505	0.9499	1.3466	0.9493	0.9476	0.9502	0	0.9502	0.95	1.4003	0.9497	0.9559	0.9501	0.95	0.9496	0.9499	0.9495	0.9491	0.9501	0.95	0.9499	1.0212	0.9454	0.9507	0.9499	0.9499	0.95	0.95	0.9497	0.9499	0.95	0.9458	0.9488	0.9499	0.9501	0.95	0.9496	0.9479	0.9504	0.906	0.9461	0.9499
  L	1.0901	0.9491	0.95	0.9499	0.9506	1.0351	1.2967	0.9883	1.4574	0.9503	0.9502	0	0.9501	1.8888	0.95	1.4015	0.9501	0.9501	0.9499	0.95	0.9591	0.95	0.9507	0.9502	0.9501	0.9845	0.9472	0.9516	0.9501	0.9501	1.6667	1.1948	0.9501	0.95	0.9501	0.9476	0.9491	0.9501	0.9503	1.2521	0.9499	0.9486	1.2019	2.0445	0.948	0.95
  M	0.9501	0.948	0.95	0.9501	0.9515	0.9496	0.9359	0.9493	0.9395	0.9506	0.95	0.9501	0	0.9453	0.9497	0.9467	0.9503	0.9502	0.9513	0.95	0.9481	0.9491	0.9503	0.9501	0.95	0.9482	1.474	1.0737	0.95	0.95	0.9501	0.9501	1.4115	0.95	0.9501	0.9463	0.9484	0.95	0.9507	0.9501	0.9497	0.9478	0.9488	0.9016	0.9463	0.95
  N	0.9464	0.9455	3.3189	0.9451	1.3958	0.9469	0.9439	0.9476	1.4055	0.9455	1.4003	1.8888	0.9453	0	0.9474	1.4154	0.9454	0.9453	0.9458	0.9452	4.0418	0.9478	0.9465	0.9459	0.946	0.9454	0.9453	1.0486	0.946	0.9471	0.9462	0.9456	0.9464	0.9453	0.9467	0.9464	4.2434	0.9451	0.9461	0.9459	0.9456	1.4152	1.4175	1.1409	0.9441	0.946
  O	0.9498	0.9489	0.9496	0.9495	0.9499	0.9496	0.9835	0.9497	0.941	0.9499	0.9497	0.95	0.9497	0.9474	0	1.4127	0.9498	0.9497	0.9532	0.9496	0.949	0.9495	0.95	0.9499	0.9497	0.9486	0.9469	0.9505	0.9497	0.9498	0.9498	0.9498	0.9496	0.9497	0.9498	0.9472	0.9487	0.9499	0.9498	0.9498	0.9496	0.9483	0.9492	2.7458	0.9479	0.9551
  P	1.3133	0.9533	0.9468	0.947	0.9506	0.9716	4.6307	0.9525	7.166	0.947	0.9559	1.4015	0.9467	1.4154	1.4127	0	0.9468	0.9468	0.9472	0.947	1.2539	1.4988	0.949	0.9476	0.9473	0.9754	0.9481	0.9515	0.9473	0.948	1.0379	0.9472	0.9485	0.9469	0.9477	1.0279	0.9462	1.42	0.948	0.9473	0.9491	1.0065	1.2226	2.5261	1.0579	0.9473
  Q	0.9502	0.948	0.9501	0.9502	1.1087	0.9497	0.9361	0.9493	0.9364	0.9506	0.9501	0.9501	0.9503	0.9454	0.9498	0.9468	0	0.9503	0.9501	0.9501	0.9482	0.9491	0.9504	0.9502	0.9501	0.9482	1.3508	0.951	0.9501	0.95	0.9502	0.9502	0.9513	0.9501	0.9502	0.946	0.9486	0.9501	0.9506	0.9502	0.9497	0.9478	0.9488	0.9021	0.947	0.9502
  R	0.9501	0.9479	0.95	0.95	0.9504	0.9496	0.936	0.9493	0.9359	0.9505	0.95	0.9501	0.9502	0.9453	0.9497	0.9468	0.9503	0	0.9498	0.95	0.9481	0.9491	0.9502	0.9501	0.95	0.9482	1.2244	1.113	0.95	0.95	0.9501	0.9501	0.9503	0.95	1.0001	0.9458	0.9484	0.95	0.9505	0.9501	0.9497	0.9477	0.9488	0.902	0.9462	0.9821
  S	0.9497	0.9484	0.9496	0.9596	0.9518	0.9494	0.9381	0.9493	1.271	0.9504	0.9496	0.9499	0.9513	0.9458	0.9532	0.9472	0.9501	0.9498	0	0.9497	0.9482	0.9492	1.0966	0.9498	0.9497	0.9481	2.8302	0.9531	0.9497	0.9497	0.9497	0.9497	0.9501	0.9496	0.9498	0.9501	0.9482	0.9496	0.9504	0.9497	0.9494	0.9478	0.9488	1.3604	0.9468	0.9502
  T	0.95	0.9479	0.9498	0.9498	0.9501	0.9495	0.9363	0.9492	1.1381	0.9502	0.9499	0.95	0.95	0.9452	0.9496	0.947	0.9501	0.95	0.9497	0	0.948	0.9491	0.9502	0.95	0.9499	0.9481	1.1816	0.9821	0.9499	0.9499	0.95	0.95	0.9499	0.9499	0.9499	0.9461	0.9483	0.9499	0.9503	0.9499	0.9495	0.9476	0.9488	0.9028	0.9469	0.9498
  U	0.9486	0.9618	0.9491	0.948	1.446	1.0252	1.3609	0.9493	0.954	0.9484	0.9495	0.9591	0.9481	4.0418	0.949	1.2539	0.9482	0.9481	0.9482	0.948	0	0.9497	0.9487	0.9484	0.9484	0.9477	0.9468	1.318	0.9483	0.9489	1.3092	0.9482	0.9486	0.948	0.9488	0.9476	1.5265	0.948	0.9487	1.4237	0.9483	0.9485	1.2555	2.4476	0.9466	0.9483
  V	0.9494	0.9858	0.949	0.9491	0.9496	0.9494	1.6161	0.9596	3.1546	0.9523	0.9491	0.95	0.9491	0.9478	0.9495	1.4988	0.9491	0.9491	0.9492	0.9491	0.9497	0	1.1509	0.9983	0.9492	0.9486	1.0293	0.9508	0.9492	0.9495	0.9493	0.9492	1.1709	0.9491	0.9494	1.2786	0.9481	0.949	0.9539	0.9493	0.9492	0.9484	0.9495	3.8212	1.3506	0.9492
  W	0.9502	0.9493	0.95	0.9503	0.9509	0.9499	0.9445	0.95	2.7399	0.9506	0.9501	0.9507	0.9503	0.9465	0.95	0.949	0.9504	0.9502	1.0966	0.9502	0.9487	1.1509	0	0.9875	0.9502	0.9487	1.4348	0.9539	0.9501	0.9502	0.9505	0.9502	1.0169	0.9502	0.9503	1.0503	0.9488	0.9501	0.9512	0.9502	0.9499	0.9485	0.9495	1.2428	0.9502	0.9502
  X	0.9501	0.9483	0.95	0.9498	0.9502	0.9498	0.9393	0.9496	0.9714	0.9503	0.95	0.9502	0.9501	0.9459	0.9499	0.9476	0.9502	0.9501	0.9498	0.95	0.9484	0.9983	0.9875	0	0.9501	0.9485	0.9502	0.9506	0.9501	0.9501	0.9501	0.9501	0.95	0.95	0.9501	0.9556	0.9486	0.95	0.9502	0.9501	0.9498	0.948	0.9492	1.2598	0.9469	0.95
  Y	0.95	0.9482	0.9499	0.9497	0.9501	0.9496	0.938	0.9494	0.9372	0.9502	0.9499	0.9501	0.95	0.946	0.9497	0.9473	0.9501	0.95	0.9497	0.9499	0.9484	0.9492	0.9502	0.9501	0	0.9484	0.9459	0.9504	0.95	0.9499	0.95	0.9501	0.9497	0.9499	0.95	0.9462	0.9486	0.95	0.9501	0.9501	0.9497	0.9479	0.9489	1.3619	0.9466	0.9499
  Z	0.9485	0.9474	0.9481	0.948	0.9482	0.9936	2.7369	0.9488	0.9388	0.9483	1.0212	0.9845	0.9482	0.9454	0.9486	0.9754	0.9482	0.9482	0.9481	0.9481	0.9477	0.9486	0.9487	0.9485	0.9484	0	0.9456	0.9491	0.9484	0.9487	0.9483	0.9484	0.9482	0.9482	0.9486	0.9461	0.9469	0.9481	0.9483	0.9484	0.9482	0.947	0.9483	1.8417	0.946	0.9483
  [	0.9459	1.1492	0.9452	2.5154	1.7795	0.9463	0.947	0.9515	7.9559	1.1499	0.9454	0.9472	1.474	0.9453	0.9469	0.9481	1.3508	1.2244	2.8302	1.1816	0.9468	1.0293	1.4348	0.9502	0.9459	0.9456	0	3.2271	0.9459	0.9467	0.946	0.9455	4.1785	0.9454	1.3306	4.1481	0.9445	0.9452	1.8992	0.9455	0.9458	1.242	0.9475	1.9118	4.7953	1.7864
  \	0.9505	0.994	0.9514	1.0166	1.4396	0.9504	0.9451	0.9506	2.6717	1.4274	0.9507	0.9516	1.0737	1.0486	0.9505	0.9515	0.951	1.113	0.9531	0.9821	1.318	0.9508	0.9539	0.9506	0.9504	0.9491	3.2271	0	0.9504	0.9506	0.9509	0.9504	0.9544	0.9503	1.0294	1.0539	0.9516	0.9503	1.6332	0.9507	0.9502	0.9492	0.9526	1.4107	0.9522	1.0112
  ]	0.95	0.9482	0.9499	0.9497	0.9501	0.9496	0.938	0.9508	0.9372	0.9502	0.9499	0.9501	0.95	0.946	0.9497	0.9473	0.9501	0.95	0.9497	0.9499	0.9483	0.9492	0.9501	0.9501	0.95	0.9484	0.9459	0.9504	0	0.9499	0.95	0.9501	0.9497	0.9499	0.95	0.9462	0.9486	0.9499	0.9501	0.95	0.9497	0.9479	0.9489	1.3608	0.9466	0.9499
  ^	0.95	0.9488	0.9499	0.9497	0.9502	0.9497	0.9489	0.9497	0.9399	0.9501	0.9499	0.9501	0.95	0.9471	0.9498	0.948	0.95	0.95	0.9497	0.9499	0.9489	0.9495	0.9502	0.9501	0.9499	0.9487	0.9467	0.9506	0.9499	0	0.95	0.9501	0.9498	0.9499	0.9499	0.9469	0.9488	0.9499	0.95	0.9501	0.9498	0.9483	0.9491	2.2812	0.9475	0.9499
  _	0.9502	0.9482	0.95	0.9498	0.9503	0.9498	0.9372	0.9494	1.4013	0.9503	0.95	1.6667	0.9501	0.9462	0.9498	1.0379	0.9502	0.9501	0.9497	0.95	1.3092	0.9493	0.9505	0.9501	0.95	0.9483	0.946	0.9509	0.95	0.95	0	0.9502	0.95	0.9501	0.9501	0.9463	0.9485	0.9501	0.9503	0.9502	0.9497	0.9478	1.0016	0.9917	0.9467	0.95
  `	0.9502	0.948	0.95	0.9498	0.9502	0.9498	0.9375	0.9495	0.9361	0.9503	0.95	1.1948	0.9501	0.9456	0.9498	0.9472	0.9502	0.9501	0.9497	0.95	0.9482	0.9492	0.9502	0.9501	0.9501	0.9484	0.9455	0.9504	0.9501	0.9501	0.9502	0	0.9498	0.95	0.9501	0.946	0.9485	0.95	0.9501	1.1514	0.9497	0.9478	0.9491	1.0687	0.9462	0.95
  a	0.9498	0.9494	0.9497	0.9506	1.8683	0.9495	0.9839	0.9496	1.8391	0.9516	0.9497	0.9501	1.4115	0.9464	0.9496	0.9485	0.9513	0.9503	0.9501	0.9499	0.9486	1.1709	1.0169	0.95	0.9497	0.9482	4.1785	0.9544	0.9497	0.9498	0.95	0.9498	0	0.9498	0.9505	0.9751	0.9484	0.9497	1.2991	0.9498	0.9496	1.163	0.9489	1.4414	0.9992	0.9504
  b	0.95	0.9479	0.9499	0.9497	0.9501	0.9496	0.9366	0.9493	1.4033	0.9502	0.9499	0.95	0.95	0.9453	0.9497	0.9469	0.9501	0.95	0.9496	0.9499	0.948	0.9491	0.9502	0.95	0.9499	0.9482	0.9454	0.9503	0.9499	0.9499	0.9501	0.95	0.9498	0	0.95	0.9458	0.9484	0.9499	0.9501	0.95	0.9496	0.9476	0.9488	0.9037	0.9461	0.9499
  c	0.95	0.9486	0.9499	0.9499	0.9503	0.9497	0.9393	0.9496	0.939	0.9503	0.95	0.9501	0.9501	0.9467	0.9498	0.9477	0.9502	1.0001	0.9498	0.9499	0.9488	0.9494	0.9503	0.9501	0.95	0.9486	1.3306	1.0294	0.95	0.9499	0.9501	0.9501	0.9505	0.95	0	0.9467	0.9487	0.95	0.9503	0.9501	0.9498	0.9482	0.9491	1.8246	0.9472	1.0276
  d	0.9463	0.9514	0.9455	0.9723	0.9473	0.9468	2.1471	0.9494	7.1779	0.9465	0.9458	0.9476	0.9463	0.9464	0.9472	1.0279	0.946	0.9458	0.9501	0.9461	0.9476	1.2786	1.0503	0.9556	0.9462	0.9461	4.1481	1.0539	0.9462	0.9469	0.9463	0.946	0.9751	0.9458	0.9467	0	0.9449	0.9456	1.0168	0.946	0.9475	0.9493	0.9479	6.4094	1.4024	0.9462
  e	0.9486	0.9466	0.9484	0.9481	1.4097	0.9484	0.9358	0.9483	0.9349	0.9486	0.9488	0.9491	0.9484	4.2434	0.9487	0.9462	0.9486	0.9484	0.9482	0.9483	1.5265	0.9481	0.9488	0.9486	0.9486	0.9469	0.9445	0.9516	0.9486	0.9488	0.9485	0.9485	0.9484	0.9484	0.9487	0.9449	0	0.9483	0.9485	0.9485	0.9482	0.9463	0.9482	0.904	0.9447	0.9485
  f	0.9501	0.9478	0.9499	0.9497	0.9501	0.9496	0.936	0.9492	0.9351	0.9503	0.9499	0.9501	0.95	0.9451	0.9499	1.42	0.9501	0.95	0.9496	0.9499	0.948	0.949	0.9501	0.95	0.95	0.9481	0.9452	0.9503	0.9499	0.9499	0.9501	0.95	0.9497	0.9499	0.95	0.9456	0.9483	0	0.9501	0.95	0.9496	0.9476	0.9488	0.9019	0.946	0.9499
  g	0.9501	0.9492	0.95	0.9508	0.9513	0.9497	0.9371	0.9495	2.2065	1.3314	0.9501	0.9503	0.9507	0.9461	0.9498	0.948	0.9506	0.9505	0.9504	0.9503	0.9487	0.9539	0.9512	0.9502	0.9501	0.9483	1.8992	1.6332	0.9501	0.95	0.9503	0.9501	1.2991	0.9501	0.9503	1.0168	0.9485	0.9501	0	0.9501	0.9498	0.9482	0.949	0.9105	0.9724	0.9504
  h	0.9502	0.9481	0.95	0.9498	0.9502	0.9498	0.9376	0.9495	0.9362	0.9503	0.95	1.2521	0.9501	0.9459	0.9498	0.9473	0.9502	0.9501	0.9497	0.9499	1.4237	0.9493	0.9502	0.9501	0.9501	0.9484	0.9455	0.9507	0.95	0.9501	0.9502	1.1514	0.9498	0.95	0.9501	0.946	0.9485	0.95	0.9501	0	0.9497	0.9478	0.9492	1.1191	0.9463	0.95
  i	0.9498	0.948	0.9495	0.9494	0.9498	0.9495	0.9396	0.9493	0.9416	0.9499	0.9496	0.9499	0.9497	0.9456	0.9496	0.9491	0.9497	0.9497	0.9494	0.9495	0.9483	0.9492	0.9499	0.9498	0.9497	0.9482	0.9458	0.9502	0.9497	0.9498	0.9497	0.9497	0.9496	0.9496	0.9498	0.9475	0.9482	0.9496	0.9498	0.9497	0	0.9493	0.9491	1.3529	0.9464	0.9496
  j	0.9481	0.947	0.9475	0.9476	0.9483	0.9872	3.2689	0.9485	1.882	0.9479	0.9479	0.9486	0.9478	1.4152	0.9483	1.0065	0.9478	0.9477	0.9478	0.9476	0.9485	0.9484	0.9485	0.948	0.9479	0.947	1.242	0.9492	0.9479	0.9483	0.9478	0.9478	1.163	0.9476	0.9482	0.9493	0.9463	0.9476	0.9482	0.9478	0.9493	0	0.9486	1.386	0.9466	0.9479
  k	0.9491	0.9502	0.9488	0.9487	0.9532	0.9491	0.9498	1.0121	0.9586	0.9489	0.9504	1.2019	0.9488	1.4175	0.9492	1.2226	0.9488	0.9488	0.9488	0.9488	1.2555	0.9495	0.9495	0.9492	0.9489	0.9483	0.9475	0.9526	0.9489	0.9491	1.0016	0.9491	0.9489	0.9488	0.9491	0.9479	0.9482	0.9488	0.949	0.9492	0.9491	0.9486	0	5.5416	0.9485	0.9489
  l	1.3638	2.0228	0.9031	0.9031	0.9206	1.6804	42.3942	3.4384	6.7073	0.9042	0.906	2.0445	0.9016	1.1409	2.7458	2.5261	0.9021	0.902	1.3604	0.9028	2.4476	3.8212	1.2428	1.2598	1.3619	1.8417	1.9118	1.4107	1.3608	2.2812	0.9917	1.0687	1.4414	0.9037	1.8246	6.4094	0.904	0.9019	0.9105	1.1191	1.3529	1.386	5.5416	0	1.3199	1.3559
  m	0.9468	0.9743	0.9458	1.2977	0.9478	0.947	0.9505	0.9534	8.1315	0.9491	0.9461	0.948	0.9463	0.9441	0.9479	1.0579	0.947	0.9462	0.9468	0.9469	0.9466	1.3506	0.9502	0.9469	0.9466	0.946	4.7953	0.9522	0.9466	0.9475	0.9467	0.9462	0.9992	0.9461	0.9472	1.4024	0.9447	0.946	0.9724	0.9463	0.9464	0.9466	0.9485	1.3199	0	0.9466
  n	0.9499	0.9483	0.9498	0.9498	0.9502	0.9496	0.9379	0.9494	0.9378	0.9504	0.9499	0.95	0.95	0.946	0.9551	0.9473	0.9502	0.9821	0.9502	0.9498	0.9483	0.9492	0.9502	0.95	0.9499	0.9483	1.7864	1.0112	0.9499	0.9499	0.95	0.95	0.9504	0.9499	1.0276	0.9462	0.9485	0.9499	0.9504	0.95	0.9496	0.9479	0.9489	1.3559	0.9466	0

Actual rates from j->i (Q_ij):
	A	B	C	D	E	F	G	H	I	J	K	L	M	N	O	P	Q	R	S	T	U	V	W	X	Y	Z	[	\	]	^	_	`	a	b	c	d	e	f	g	h	i	j	k	l	m	n
  A	0	0.0224	0.0225	0.0225	0.0225	0.0225	0.0333	0.0225	0.0222	0.0225	0.0225	0.0258	0.0225	0.0224	0.0225	0.0311	0.0225	0.0225	0.0225	0.0225	0.0224	0.0224	0.0225	0.0225	0.0225	0.0224	0.0224	0.0225	0.0225	0.0225	0.0225	0.0225	0.0225	0.0225	0.0225	0.0224	0.0224	0.0225	0.0225	0.0225	0.0225	0.0224	0.0224	0.0322	0.0224	0.0225
  B	0.0188	0	0.0188	0.0258	0.0188	0.0188	0.0189	0.0191	0.0508	0.0188	0.0188	0.0188	0.0188	0.0187	0.0188	0.0189	0.0188	0.0188	0.0188	0.0188	0.0191	0.0195	0.0188	0.0188	0.0188	0.0188	0.0228	0.0197	0.0188	0.0188	0.0188	0.0188	0.0188	0.0188	0.0188	0.0188	0.0188	0.0188	0.0188	0.0188	0.0188	0.0188	0.0188	0.0401	0.0193	0.0188
  C	0.0262	0.0261	0	0.0262	0.0262	0.0262	0.0258	0.0262	0.0258	0.0262	0.0262	0.0262	0.0262	0.0915	0.0262	0.0261	0.0262	0.0262	0.0262	0.0262	0.0262	0.0262	0.0262	0.0262	0.0262	0.0261	0.0261	0.0262	0.0262	0.0262	0.0262	0.0262	0.0262	0.0262	0.0262	0.0261	0.0261	0.0262	0.0262	0.0262	0.0262	0.0261	0.0262	0.0249	0.0261	0.0262
  D	0.0257	0.0353	0.0257	0	0.0258	0.0257	0.0254	0.0257	0.0336	0.0258	0.0257	0.0257	0.0258	0.0256	0.0257	0.0257	0.0258	0.0258	0.026	0.0257	0.0257	0.0257	0.0258	0.0257	0.0257	0.0257	0.0682	0.0276	0.0257	0.0257	0.0257	0.0257	0.0258	0.0257	0.0257	0.0264	0.0257	0.0257	0.0258	0.0257	0.0257	0.0257	0.0257	0.0245	0.0352	0.0257
  E	0.0277	0.0276	0.0277	0.0277	0	0.0276	0.0273	0.0276	0.0316	0.0277	0.0277	0.0277	0.0277	0.0406	0.0276	0.0277	0.0323	0.0277	0.0277	0.0277	0.0421	0.0276	0.0277	0.0277	0.0277	0.0276	0.0518	0.0419	0.0277	0.0277	0.0277	0.0277	0.0544	0.0277	0.0277	0.0276	0.041	0.0277	0.0277	0.0277	0.0276	0.0276	0.0277	0.0268	0.0276	0.0277
  F	0.0193	0.0193	0.0193	0.0193	0.0193	0	0.0827	0.0269	0.0191	0.0193	0.0193	0.0211	0.0193	0.0193	0.0193	0.0198	0.0193	0.0193	0.0193	0.0193	0.0209	0.0193	0.0193	0.0193	0.0193	0.0202	0.0193	0.0193	0.0193	0.0193	0.0193	0.0193	0.0193	0.0193	0.0193	0.0193	0.0193	0.0193	0.0193	0.0193	0.0193	0.0201	0.0193	0.0342	0.0193	0.0193
  G	0.0054	0.0036	0.0036	0.0036	0.0036	0.0155	0	0.007	0.0125	0.0036	0.0052	0.005	0.0036	0.0036	0.0038	0.0177	0.0036	0.0036	0.0036	0.0036	0.0052	0.0062	0.0036	0.0036	0.0036	0.0105	0.0036	0.0036	0.0036	0.0036	0.0036	0.0036	0.0038	0.0036	0.0036	0.0082	0.0036	0.0036	0.0036	0.0036	0.0036	0.0125	0.0036	0.1621	0.0036	0.0036
  H	0.015	0.0152	0.015	0.015	0.015	0.0209	0.0288	0	0.0155	0.015	0.015	0.0156	0.015	0.015	0.015	0.0151	0.015	0.015	0.015	0.015	0.015	0.0152	0.015	0.015	0.015	0.015	0.015	0.015	0.015	0.015	0.015	0.015	0.015	0.015	0.015	0.015	0.015	0.015	0.015	0.015	0.015	0.015	0.016	0.0543	0.0151	0.015
  I	0.0104	0.0286	0.0104	0.0138	0.0121	0.0105	0.0362	0.0109	0	0.0105	0.0105	0.0162	0.0105	0.0156	0.0105	0.0797	0.0104	0.0104	0.0141	0.0127	0.0106	0.0351	0.0305	0.0108	0.0104	0.0104	0.0885	0.0297	0.0104	0.0105	0.0156	0.0104	0.0205	0.0156	0.0104	0.0798	0.0104	0.0104	0.0245	0.0104	0.0105	0.0209	0.0107	0.0746	0.0905	0.0104
  J	0.0266	0.0265	0.0266	0.0266	0.0266	0.0266	0.0262	0.0266	0.0265	0	0.0266	0.0266	0.0266	0.0265	0.0266	0.0265	0.0266	0.0266	0.0266	0.0266	0.0265	0.0267	0.0266	0.0266	0.0266	0.0265	0.0322	0.04	0.0266	0.0266	0.0266	0.0266	0.0266	0.0266	0.0266	0.0265	0.0266	0.0266	0.0373	0.0266	0.0266	0.0265	0.0266	0.0253	0.0266	0.0266
  K	0.0254	0.0254	0.0254	0.0254	0.0254	0.0254	0.036	0.0254	0.0253	0.0254	0	0.0254	0.0254	0.0375	0.0254	0.0256	0.0254	0.0254	0.0254	0.0254	0.0254	0.0254	0.0254	0.0254	0.0254	0.0273	0.0253	0.0254	0.0254	0.0254	0.0254	0.0254	0.0254	0.0254	0.0254	0.0253	0.0254	0.0254	0.0254	0.0254	0.0254	0.0254	0.0254	0.0242	0.0253	0.0254
  L	0.0227	0.0198	0.0198	0.0198	0.0198	0.0216	0.027	0.0206	0.0304	0.0198	0.0198	0	0.0198	0.0393	0.0198	0.0292	0.0198	0.0198	0.0198	0.0198	0.02	0.0198	0.0198	0.0198	0.0198	0.0205	0.0197	0.0198	0.0198	0.0198	0.0347	0.0249	0.0198	0.0198	0.0198	0.0197	0.0198	0.0198	0.0198	0.0261	0.0198	0.0198	0.025	0.0426	0.0197	0.0198
  M	0.0263	0.0263	0.0263	0.0263	0.0264	0.0263	0.0259	0.0263	0.026	0.0263	0.0263	0.0263	0	0.0262	0.0263	0.0262	0.0263	0.0263	0.0264	0.0263	0.0263	0.0263	0.0263	0.0263	0.0263	0.0263	0.0408	0.0298	0.0263	0.0263	0.0263	0.0263	0.0391	0.0263	0.0263	0.0262	0.0263	0.0263	0.0263	0.0263	0.0263	0.0263	0.0263	0.025	0.0262	0.0263
  N	0.0218	0.0218	0.0766	0.0218	0.0322	0.0218	0.0218	0.0219	0.0324	0.0218	0.0323	0.0436	0.0218	0	0.0219	0.0326	0.0218	0.0218	0.0218	0.0218	0.0932	0.0219	0.0218	0.0218	0.0218	0.0218	0.0218	0.0242	0.0218	0.0218	0.0218	0.0218	0.0218	0.0218	0.0218	0.0218	0.0979	0.0218	0.0218	0.0218	0.0218	0.0326	0.0327	0.0263	0.0218	0.0218
  O	0.0166	0.0166	0.0166	0.0166	0.0166	0.0166	0.0172	0.0166	0.0164	0.0166	0.0166	0.0166	0.0166	0.0166	0	0.0247	0.0166	0.0166	0.0167	0.0166	0.0166	0.0166	0.0166	0.0166	0.0166	0.0166	0.0165	0.0166	0.0166	0.0166	0.0166	0.0166	0.0166	0.0166	0.0166	0.0166	0.0166	0.0166	0.0166	0.0166	0.0166	0.0166	0.0166	0.048	0.0166	0.0167
  P	0.0195	0.0141	0.014	0.014	0.0141	0.0144	0.0687	0.0141	0.1063	0.014	0.0142	0.0208	0.014	0.021	0.021	0	0.014	0.014	0.014	0.014	0.0186	0.0222	0.0141	0.0141	0.014	0.0145	0.0141	0.0141	0.014	0.0141	0.0154	0.014	0.0141	0.014	0.0141	0.0152	0.014	0.0211	0.0141	0.014	0.0141	0.0149	0.0181	0.0375	0.0157	0.014
  Q	0.026	0.0259	0.026	0.026	0.0303	0.026	0.0256	0.026	0.0256	0.026	0.026	0.026	0.026	0.0258	0.026	0.0259	0	0.026	0.026	0.026	0.0259	0.0259	0.026	0.026	0.026	0.0259	0.0369	0.026	0.026	0.026	0.026	0.026	0.026	0.026	0.026	0.0259	0.0259	0.026	0.026	0.026	0.026	0.0259	0.0259	0.0247	0.0259	0.026
  R	0.0261	0.026	0.0261	0.0261	0.0261	0.0261	0.0257	0.0261	0.0257	0.0261	0.0261	0.0261	0.0261	0.026	0.0261	0.026	0.0261	0	0.0261	0.0261	0.026	0.0261	0.0261	0.0261	0.0261	0.026	0.0336	0.0306	0.0261	0.0261	0.0261	0.0261	0.0261	0.0261	0.0275	0.026	0.026	0.0261	0.0261	0.0261	0.0261	0.026	0.0261	0.0248	0.026	0.027
  S	0.0228	0.0227	0.0228	0.023	0.0228	0.0228	0.0225	0.0228	0.0305	0.0228	0.0228	0.0228	0.0228	0.0227	0.0229	0.0227	0.0228	0.0228	0	0.0228	0.0227	0.0228	0.0263	0.0228	0.0228	0.0227	0.0679	0.0229	0.0228	0.0228	0.0228	0.0228	0.0228	0.0228	0.0228	0.0228	0.0227	0.0228	0.0228	0.0228	0.0228	0.0227	0.0228	0.0326	0.0227	0.0228
  T	0.0256	0.0255	0.0256	0.0256	0.0256	0.0256	0.0252	0.0256	0.0307	0.0256	0.0256	0.0256	0.0256	0.0255	0.0256	0.0255	0.0256	0.0256	0.0256	0	0.0255	0.0256	0.0256	0.0256	0.0256	0.0256	0.0318	0.0265	0.0256	0.0256	0.0256	0.0256	0.0256	0.0256	0.0256	0.0255	0.0256	0.0256	0.0256	0.0256	0.0256	0.0255	0.0256	0.0243	0.0255	0.0256
  U	0.0184	0.0187	0.0184	0.0184	0.0281	0.0199	0.0264	0.0184	0.0185	0.0184	0.0184	0.0186	0.0184	0.0785	0.0184	0.0243	0.0184	0.0184	0.0184	0.0184	0	0.0184	0.0184	0.0184	0.0184	0.0184	0.0184	0.0256	0.0184	0.0184	0.0254	0.0184	0.0184	0.0184	0.0184	0.0184	0.0296	0.0184	0.0184	0.0276	0.0184	0.0184	0.0244	0.0475	0.0184	0.0184
  V	0.0137	0.0142	0.0137	0.0137	0.0137	0.0137	0.0233	0.0138	0.0454	0.0137	0.0137	0.0137	0.0137	0.0136	0.0137	0.0216	0.0137	0.0137	0.0137	0.0137	0.0137	0	0.0166	0.0144	0.0137	0.0137	0.0148	0.0137	0.0137	0.0137	0.0137	0.0137	0.0169	0.0137	0.0137	0.0184	0.0136	0.0137	0.0137	0.0137	0.0137	0.0137	0.0137	0.055	0.0194	0.0137
  W	0.0215	0.0215	0.0215	0.0215	0.0215	0.0215	0.0214	0.0215	0.0621	0.0215	0.0215	0.0215	0.0215	0.0214	0.0215	0.0215	0.0215	0.0215	0.0248	0.0215	0.0215	0.0261	0	0.0224	0.0215	0.0215	0.0325	0.0216	0.0215	0.0215	0.0215	0.0215	0.023	0.0215	0.0215	0.0238	0.0215	0.0215	0.0215	0.0215	0.0215	0.0215	0.0215	0.0282	0.0215	0.0215
  X	0.0232	0.0232	0.0232	0.0232	0.0232	0.0232	0.023	0.0232	0.0238	0.0232	0.0232	0.0232	0.0232	0.0231	0.0232	0.0232	0.0232	0.0232	0.0232	0.0232	0.0232	0.0244	0.0242	0	0.0232	0.0232	0.0232	0.0233	0.0232	0.0232	0.0232	0.0232	0.0232	0.0232	0.0232	0.0234	0.0232	0.0232	0.0232	0.0232	0.0232	0.0232	0.0232	0.0308	0.0232	0.0232
  Y	0.0226	0.0225	0.0226	0.0226	0.0226	0.0226	0.0223	0.0226	0.0223	0.0226	0.0226	0.0226	0.0226	0.0225	0.0226	0.0225	0.0226	0.0226	0.0226	0.0226	0.0225	0.0226	0.0226	0.0226	0	0.0225	0.0225	0.0226	0.0226	0.0226	0.0226	0.0226	0.0226	0.0226	0.0226	0.0225	0.0225	0.0226	0.0226	0.0226	0.0226	0.0225	0.0226	0.0324	0.0225	0.0226
  Z	0.0193	0.0193	0.0193	0.0193	0.0193	0.0202	0.0557	0.0193	0.0191	0.0193	0.0208	0.02	0.0193	0.0192	0.0193	0.0199	0.0193	0.0193	0.0193	0.0193	0.0193	0.0193	0.0193	0.0193	0.0193	0	0.0192	0.0193	0.0193	0.0193	0.0193	0.0193	0.0193	0.0193	0.0193	0.0193	0.0193	0.0193	0.0193	0.0193	0.0193	0.0193	0.0193	0.0375	0.0193	0.0193
  [	0.0128	0.0155	0.0128	0.0339	0.024	0.0128	0.0128	0.0128	0.1074	0.0155	0.0128	0.0128	0.0199	0.0128	0.0128	0.0128	0.0182	0.0165	0.0382	0.0159	0.0128	0.0139	0.0194	0.0128	0.0128	0.0128	0	0.0436	0.0128	0.0128	0.0128	0.0128	0.0564	0.0128	0.018	0.056	0.0127	0.0128	0.0256	0.0128	0.0128	0.0168	0.0128	0.0258	0.0647	0.0241
  \	0.0215	0.0225	0.0215	0.023	0.0326	0.0215	0.0214	0.0215	0.0605	0.0323	0.0215	0.0215	0.0243	0.0237	0.0215	0.0215	0.0215	0.0252	0.0216	0.0222	0.0298	0.0215	0.0216	0.0215	0.0215	0.0215	0.0731	0	0.0215	0.0215	0.0215	0.0215	0.0216	0.0215	0.0233	0.0239	0.0215	0.0215	0.037	0.0215	0.0215	0.0215	0.0216	0.0319	0.0216	0.0229
  ]	0.0226	0.0225	0.0226	0.0226	0.0226	0.0226	0.0223	0.0226	0.0223	0.0226	0.0226	0.0226	0.0226	0.0225	0.0226	0.0225	0.0226	0.0226	0.0226	0.0226	0.0226	0.0226	0.0226	0.0226	0.0226	0.0226	0.0225	0.0226	0	0.0226	0.0226	0.0226	0.0226	0.0226	0.0226	0.0225	0.0226	0.0226	0.0226	0.0226	0.0226	0.0225	0.0226	0.0324	0.0225	0.0226
  ^	0.0182	0.0182	0.0182	0.0182	0.0182	0.0182	0.0182	0.0182	0.018	0.0182	0.0182	0.0182	0.0182	0.0182	0.0182	0.0182	0.0182	0.0182	0.0182	0.0182	0.0182	0.0182	0.0182	0.0182	0.0182	0.0182	0.0182	0.0183	0.0182	0	0.0182	0.0182	0.0182	0.0182	0.0182	0.0182	0.0182	0.0182	0.0182	0.0182	0.0182	0.0182	0.0182	0.0438	0.0182	0.0182
  _	0.0252	0.0251	0.0252	0.0252	0.0252	0.0252	0.0248	0.0251	0.0371	0.0252	0.0252	0.0441	0.0252	0.0251	0.0252	0.0275	0.0252	0.0252	0.0251	0.0252	0.0347	0.0251	0.0252	0.0252	0.0252	0.0251	0.025	0.0252	0.0252	0.0252	0	0.0252	0.0252	0.0252	0.0252	0.0251	0.0251	0.0252	0.0252	0.0252	0.0251	0.0251	0.0265	0.0263	0.0251	0.0252
  `	0.0249	0.0248	0.0249	0.0249	0.0249	0.0249	0.0246	0.0249	0.0245	0.0249	0.0249	0.0313	0.0249	0.0248	0.0249	0.0248	0.0249	0.0249	0.0249	0.0249	0.0248	0.0249	0.0249	0.0249	0.0249	0.0248	0.0248	0.0249	0.0249	0.0249	0.0249	0	0.0249	0.0249	0.0249	0.0248	0.0248	0.0249	0.0249	0.0302	0.0249	0.0248	0.0249	0.028	0.0248	0.0249
  a	0.0223	0.0223	0.0223	0.0223	0.0439	0.0223	0.0231	0.0223	0.0432	0.0224	0.0223	0.0223	0.0332	0.0222	0.0223	0.0223	0.0224	0.0223	0.0223	0.0223	0.0223	0.0275	0.0239	0.0223	0.0223	0.0223	0.0982	0.0224	0.0223	0.0223	0.0223	0.0223	0	0.0223	0.0223	0.0229	0.0223	0.0223	0.0305	0.0223	0.0223	0.0273	0.0223	0.0339	0.0235	0.0223
  b	0.0251	0.0251	0.0251	0.0251	0.0251	0.0251	0.0248	0.0251	0.0371	0.0251	0.0251	0.0251	0.0251	0.025	0.0251	0.025	0.0251	0.0251	0.0251	0.0251	0.0251	0.0251	0.0251	0.0251	0.0251	0.0251	0.025	0.0251	0.0251	0.0251	0.0251	0.0251	0.0251	0	0.0251	0.025	0.0251	0.0251	0.0251	0.0251	0.0251	0.025	0.0251	0.0239	0.025	0.0251
  c	0.0203	0.0203	0.0203	0.0203	0.0203	0.0203	0.0201	0.0203	0.0201	0.0203	0.0203	0.0203	0.0203	0.0202	0.0203	0.0202	0.0203	0.0214	0.0203	0.0203	0.0203	0.0203	0.0203	0.0203	0.0203	0.0203	0.0284	0.022	0.0203	0.0203	0.0203	0.0203	0.0203	0.0203	0	0.0202	0.0203	0.0203	0.0203	0.0203	0.0203	0.0202	0.0203	0.039	0.0202	0.0219
  d	0.0109	0.011	0.0109	0.0112	0.0109	0.0109	0.0247	0.0109	0.0827	0.0109	0.0109	0.0109	0.0109	0.0109	0.0109	0.0118	0.0109	0.0109	0.0109	0.0109	0.0109	0.0147	0.0121	0.011	0.0109	0.0109	0.0478	0.0121	0.0109	0.0109	0.0109	0.0109	0.0112	0.0109	0.0109	0	0.0109	0.0109	0.0117	0.0109	0.0109	0.0109	0.0109	0.0738	0.0162	0.0109
  e	0.0262	0.0262	0.0262	0.0262	0.039	0.0262	0.0259	0.0262	0.0259	0.0262	0.0262	0.0263	0.0262	0.1174	0.0262	0.0262	0.0262	0.0262	0.0262	0.0262	0.0422	0.0262	0.0262	0.0262	0.0262	0.0262	0.0261	0.0263	0.0262	0.0262	0.0262	0.0262	0.0262	0.0262	0.0262	0.0261	0	0.0262	0.0262	0.0262	0.0262	0.0262	0.0262	0.025	0.0261	0.0262
  f	0.0261	0.026	0.0261	0.0261	0.0261	0.0261	0.0257	0.0261	0.0257	0.0261	0.0261	0.0261	0.0261	0.026	0.0261	0.039	0.0261	0.0261	0.0261	0.0261	0.026	0.0261	0.0261	0.0261	0.0261	0.0261	0.026	0.0261	0.0261	0.0261	0.0261	0.0261	0.0261	0.0261	0.0261	0.026	0.0261	0	0.0261	0.0261	0.0261	0.026	0.0261	0.0248	0.026	0.0261
  g	0.0251	0.0251	0.0251	0.0251	0.0251	0.0251	0.0247	0.0251	0.0583	0.0351	0.0251	0.0251	0.0251	0.025	0.0251	0.025	0.0251	0.0251	0.0251	0.0251	0.025	0.0252	0.0251	0.0251	0.0251	0.025	0.0501	0.0431	0.0251	0.0251	0.0251	0.0251	0.0343	0.0251	0.0251	0.0268	0.025	0.0251	0	0.0251	0.0251	0.025	0.0251	0.024	0.0257	0.0251
  h	0.0247	0.0247	0.0247	0.0247	0.0247	0.0247	0.0244	0.0247	0.0244	0.0247	0.0247	0.0326	0.0247	0.0246	0.0247	0.0247	0.0247	0.0247	0.0247	0.0247	0.0371	0.0247	0.0247	0.0247	0.0247	0.0247	0.0246	0.0248	0.0247	0.0247	0.0247	0.03	0.0247	0.0247	0.0247	0.0246	0.0247	0.0247	0.0247	0	0.0247	0.0247	0.0247	0.0291	0.0246	0.0247
  i	0.0227	0.0227	0.0227	0.0227	0.0227	0.0227	0.0225	0.0227	0.0225	0.0227	0.0227	0.0227	0.0227	0.0226	0.0227	0.0227	0.0227	0.0227	0.0227	0.0227	0.0227	0.0227	0.0227	0.0227	0.0227	0.0227	0.0226	0.0227	0.0227	0.0227	0.0227	0.0227	0.0227	0.0227	0.0227	0.0226	0.0227	0.0227	0.0227	0.0227	0	0.0227	0.0227	0.0323	0.0226	0.0227
  j	0.0205	0.0205	0.0205	0.0205	0.0205	0.0213	0.0707	0.0205	0.0407	0.0205	0.0205	0.0205	0.0205	0.0306	0.0205	0.0218	0.0205	0.0205	0.0205	0.0205	0.0205	0.0205	0.0205	0.0205	0.0205	0.0205	0.0268	0.0205	0.0205	0.0205	0.0205	0.0205	0.0251	0.0205	0.0205	0.0205	0.0205	0.0205	0.0205	0.0205	0.0205	0	0.0205	0.03	0.0205	0.0205
  k	0.0118	0.0118	0.0118	0.0118	0.0118	0.0118	0.0118	0.0126	0.0119	0.0118	0.0118	0.0149	0.0118	0.0176	0.0118	0.0152	0.0118	0.0118	0.0118	0.0118	0.0156	0.0118	0.0118	0.0118	0.0118	0.0118	0.0118	0.0118	0.0118	0.0118	0.0124	0.0118	0.0118	0.0118	0.0118	0.0118	0.0118	0.0118	0.0118	0.0118	0.0118	0.0118	0	0.0687	0.0118	0.0118
  l	0.0122	0.0181	0.0081	0.0081	0.0083	0.0151	0.3799	0.0308	0.0601	0.0081	0.0081	0.0183	0.0081	0.0102	0.0246	0.0226	0.0081	0.0081	0.0122	0.0081	0.0219	0.0342	0.0111	0.0113	0.0122	0.0165	0.0171	0.0126	0.0122	0.0204	0.0089	0.0096	0.0129	0.0081	0.0164	0.0574	0.0081	0.0081	0.0082	0.01	0.0121	0.0124	0.0497	0	0.0118	0.0122
  m	0.018	0.0186	0.018	0.0247	0.018	0.018	0.0181	0.0182	0.1548	0.0181	0.018	0.0181	0.018	0.018	0.018	0.0201	0.018	0.018	0.018	0.018	0.018	0.0257	0.0181	0.018	0.018	0.018	0.0913	0.0181	0.018	0.018	0.018	0.018	0.019	0.018	0.018	0.0267	0.018	0.018	0.0185	0.018	0.018	0.018	0.0181	0.0251	0	0.018
  n	0.0229	0.0229	0.0229	0.0229	0.0229	0.0229	0.0226	0.0229	0.0226	0.0229	0.0229	0.0229	0.0229	0.0228	0.023	0.0228	0.0229	0.0237	0.0229	0.0229	0.0229	0.0229	0.0229	0.0229	0.0229	0.0229	0.0431	0.0244	0.0229	0.0229	0.0229	0.0229	0.0229	0.0229	0.0248	0.0228	0.0229	0.0229	0.0229	0.0229	0.0229	0.0229	0.0229	0.0327	0.0228	0
