{
  "generated_by": {
    "program": "augur",
    "version": "21.1.0"
  },
  "models": {
    "country": {
      "alphabet": [
        "Algeria",
        "Argentina",
        "Australia",
        "Austria",
        "Bangladesh",
        "Belgium",
        "Brazil",
        "Canada",
        "Chile",
        "China",
        "Denmark",
        "Egypt",
        "France",
        "Georgia",
        "Germany",
        "Guatemala",
        "Hong Kong",
        "Hungary",
        "Iceland",
        "India",
        "Iran",
        "Italy",
        "Japan",
        "Laos",
        "Malaysia",
        "Mexico",
        "Mongolia",
        "Netherlands",
        "Nigeria",
        "Norway",
        "Pakistan",
        "Poland",
        "Romania",
        "Russia",
        "South Africa",
        "South Korea",
        "Spain",
        "Sri Lanka",
        "Sweden",
        "Switzerland",
        "Taiwan",
        "Thailand",
        "Turkey",
        "United Kingdom",
        "Usa",
        "Vietnam",
        "?"
      ],
      "equilibrium_probabilities": [
        0.02309286294772345,
        0.02593873555465931,
        0.01859687911479512,
        0.025588168439814468,
        0.025497054003529734,
        0.0250759622234702,
        0.023216830729863983,
        0.004438161747666875,
        0.017659718474864104,
        0.015409209001942238,
        0.025490449023721863,
        0.026226875220708244,
        0.019158323875994202,
        0.02627345287988548,
        0.02113806470025371,
        0.010548561682802647,
        0.015403040257770971,
        0.026251805520102405,
        0.025949691773834875,
        0.022586701813707703,
        0.02620357076930415,
        0.025267953427587746,
        0.016802655381876953,
        0.025948595902904326,
        0.022899145236130968,
        0.019279695954919986,
        0.014838026808947436,
        0.022853001707942817,
        0.026439046881475355,
        0.026130603757055046,
        0.026189964997509817,
        0.026564172887761743,
        0.02543592223889816,
        0.022911540908358535,
        0.020715063973594697,
        0.01121006763764863,
        0.025216105920390083,
        0.024624741032365796,
        0.02616463675724167,
        0.026301690139505625,
        0.022896184692146274,
        0.02286086645254576,
        0.02654085374511699,
        0.01322930115672425,
        0.011713362420504723,
        0.017222680224431016
      ],
      "rate": 21.83516526704535,
      "transition_matrix": [
        [
          0.0,
          0.9360320883647371,
          0.9345122023785458,
          0.9357596650277422,
          0.9355760570844684,
          0.935738690233457,
          0.9347932997398128,
          0.9306986960800769,
          0.9432067950828468,
          0.9218600742237257,
          0.9360411463563959,
          0.9358720025390352,
          0.9357305328101578,
          0.9358063016378552,
          0.9280289527535472,
          0.9361632532448525,
          0.9341219252325365,
          0.9359559467869523,
          0.9357909508208293,
          0.9355221109791853,
          0.935741198730295,
          0.9338330551537812,
          0.9870446627259919,
          0.935978622386683,
          0.9358915913976227,
          0.9344676140916366,
          0.928298955585298,
          0.932192001963454,
          0.9358556903872816,
          0.9357823503868209,
          0.9359139160229548,
          0.935529758516752,
          0.9359114553983611,
          0.9350266510624639,
          0.9359255944725243,
          0.9314989295303358,
          0.9335971902570104,
          0.9362067659462939,
          0.9357889108084667,
          0.9358972945731835,
          0.9362517890256253,
          0.9333580909058353,
          0.9358309659967344,
          0.9363225930967211,
          1.2999086849542387,
          0.9306008789249874
        ],
        [
          0.9360320883647371,
          0.0,
          0.9339647231260955,
          0.9357753836458913,
          0.9356352784877217,
          0.9356222839203912,
          0.9345768259550397,
          0.9232470573105092,
          0.9349055031131852,
          1.0167047162175082,
          0.9360837932841216,
          0.935895205770957,
          0.935708387652076,
          0.9358251809617522,
          0.9270934816416303,
          0.9461451720284046,
          0.934295735232023,
          0.9360145263146655,
          0.93580287220927,
          0.9355210116644045,
          0.9357481332787488,
          0.9335706122655969,
          1.236656546735067,
          0.9361060623449001,
          0.935841252990265,
          0.934090421515617,
          0.9283930841229134,
          0.9321939678901938,
          0.9358475935996574,
          0.9357929376045377,
          0.935942311375088,
          0.9355110374020289,
          0.9358842218783194,
          0.9350410191927744,
          0.9358110012434274,
          0.9313618392582649,
          0.9333399439640628,
          1.0020329318977732,
          0.9358001460591185,
          0.9359274964957423,
          0.936194589345979,
          0.933112180556172,
          0.9358468882540368,
          0.9357119950318856,
          0.9099578008833924,
          0.9309304456350028
        ],
        [
          0.9345122023785458,
          0.9339647231260955,
          0.0,
          0.9337183926853959,
          0.9339807683871221,
          0.9368018875662313,
          0.9332178521225352,
          0.9426098263795517,
          0.9351158804066875,
          1.7956457579484633,
          0.9339313327101624,
          0.9337316689829226,
          0.9347452990707784,
          0.9337061925758623,
          0.9291247221640607,
          0.9371853529622589,
          0.9366785843997961,
          0.9339676689909248,
          0.9337091463373666,
          0.934235458624516,
          0.9336335125864813,
          0.9324044602195445,
          0.9359060538442876,
          0.9339157337654298,
          0.9341435539712724,
          0.9336551970871074,
          1.6056531425720846,
          0.936459993451335,
          0.9336601854452001,
          0.9336649015639004,
          0.933769261670978,
          0.9334110878083128,
          0.9338965550573246,
          0.9533233166154944,
          0.9345205011803425,
          1.1458585647576358,
          0.9320788689553572,
          0.9343635567249983,
          0.9336580299535433,
          0.9337403292775707,
          0.938048495371941,
          0.934775025920444,
          0.9336503287761492,
          0.9594058205437326,
          2.280761659993474,
          1.497571628674111
        ],
        [
          0.9357596650277422,
          0.9357753836458913,
          0.9337183926853959,
          0.0,
          0.9353414190025471,
          0.9479622643007825,
          0.9344537607569954,
          0.9230628817954558,
          1.121740823200605,
          0.9816984823947951,
          0.936373929536508,
          0.9356446348860262,
          0.9353730360864678,
          0.9355729884877196,
          2.753634796724032,
          0.9351090605692391,
          0.9337927784246007,
          0.9358819393355465,
          0.9355541308003611,
          0.9352151700446887,
          0.9354982788009321,
          1.2284444966999812,
          0.9349974107754994,
          0.9357292009898308,
          0.9356030861282201,
          0.9338804639601138,
          0.9275259146889887,
          0.9318277682353737,
          0.9356407824148167,
          0.9355436283263646,
          0.9356914395015533,
          1.2690699222075335,
          0.9356332413864403,
          0.9346261533183068,
          0.9355790906507753,
          0.9301257273363444,
          1.0068891958732935,
          0.9359244963926345,
          0.9355503223008385,
          1.116278228719226,
          0.935909381844278,
          0.9334159174521938,
          0.935592643224506,
          0.9360636186729734,
          0.8812023896923953,
          0.9298578906484638
        ],
        [
          0.9355760570844684,
          0.9356352784877217,
          0.9339807683871221,
          0.9353414190025471,
          0.0,
          0.9351899559320738,
          0.9341852648476823,
          0.9227043840188568,
          0.9344846504832646,
          1.3089105693466316,
          0.9356394475063134,
          0.9354431911750444,
          0.9352059327900336,
          0.9354006648397706,
          0.9268347430057602,
          0.9350669618477591,
          0.9337119514205644,
          0.9357149269300621,
          0.9354082428428917,
          0.9353037989261838,
          0.9353175982430605,
          0.9331716366949521,
          0.9352055407287202,
          0.9356657335171445,
          0.9354288765440009,
          0.9337685906163297,
          2.0962077205337186,
          0.9322316049958084,
          0.9353930870596198,
          0.9353586084903871,
          0.9354900948796422,
          0.9350635724229688,
          0.935439563554066,
          0.9350565370965604,
          0.9354441914798068,
          1.4752498790600075,
          0.932949807412208,
          0.935804001185706,
          0.9353516475168142,
          0.9354789400299709,
          0.9359196039799469,
          0.9327282106569823,
          0.9353908139623327,
          0.9353655560356915,
          0.8813184435949979,
          1.244913660629465
        ],
        [
          0.935738690233457,
          0.9356222839203912,
          0.9368018875662313,
          0.9479622643007825,
          0.9351899559320738,
          0.0,
          0.934540462226975,
          1.388160426542403,
          0.9350159426460933,
          0.9229813446797959,
          0.9373695985615725,
          0.9357975574778044,
          0.935619910761954,
          0.9358206825066404,
          3.6458595113888164,
          0.9357131337633452,
          0.9339147549961316,
          1.464791135919686,
          0.9354140180441533,
          0.9351845649406078,
          0.9355022725630882,
          2.071866151304754,
          0.9354730156790342,
          0.9355773921536742,
          0.9355809720302032,
          0.93408362705362,
          0.9285580517797835,
          2.0239684465130643,
          0.9354502557765618,
          0.9355746546056187,
          0.9358574076390486,
          0.9352086123286414,
          0.9355303638633493,
          1.0247475730033906,
          0.93582721854176,
          0.931554839403356,
          1.080178925748664,
          0.9358023861747333,
          0.9355697195897051,
          0.9356206222103364,
          0.9358817742280748,
          1.159941673206235,
          0.9354476587252754,
          1.04074145483067,
          0.9301019942692617,
          0.9300069600280431
        ],
        [
          0.9347932997398128,
          0.9345768259550397,
          0.9332178521225352,
          0.9344537607569954,
          0.9341852648476823,
          0.934540462226975,
          0.0,
          2.8636929179330903,
          1.2687468254913399,
          0.9204681584954759,
          0.9350768663167173,
          0.9344473064186091,
          0.9345389361537053,
          0.9343785464794443,
          1.1298978594286544,
          0.9348025078990566,
          0.9333998902921032,
          0.9345545346159082,
          0.9343799571087303,
          0.9342208291166756,
          0.9343165565387765,
          0.932549059937968,
          0.9345519442229877,
          0.9345296435336067,
          0.9345759378274986,
          0.9335273611348893,
          0.9273749813132581,
          0.9309621560666199,
          0.9344312088562898,
          0.9343619700683862,
          0.9344913298772752,
          0.9341005269136592,
          0.9344953207082644,
          0.9336576839038256,
          0.9346633426098022,
          0.9302315112068419,
          0.9324056854717033,
          0.9347928824360983,
          0.9343667743156566,
          0.9344954492863948,
          0.934926377290702,
          0.9324833479042838,
          0.9343877992955615,
          0.9351565457495095,
          1.1427334245791272,
          0.9295010345243561
        ],
        [
          0.9306986960800769,
          0.9232470573105092,
          0.9426098263795517,
          0.9230628817954558,
          0.9227043840188568,
          1.388160426542403,
          2.8636929179330903,
          0.0,
          2.3106285729083402,
          1.2309512513642806,
          1.091466049028825,
          0.922336916422499,
          0.9266322922444791,
          0.9223119925228916,
          1.5406682302761705,
          1.3996847968392014,
          2.460984375758936,
          0.9225298699032501,
          0.922458875594718,
          0.9244368875908802,
          0.9223252131622612,
          0.9232796426346611,
          1.9484292122145277,
          0.9225482623214375,
          0.9240291467853601,
          3.448415474896231,
          0.9275798012329407,
          0.9264059058114829,
          0.9222504361419542,
          0.9223678231993516,
          0.9223635759235932,
          0.9221144100554143,
          0.9230355083840112,
          0.9248657126451267,
          0.9251701361464839,
          2.300913548753925,
          0.9238227674433677,
          0.9248000134902249,
          0.9223520759636605,
          0.9223349541995113,
          0.9303625101158257,
          3.2310158066812296,
          0.9221680970797216,
          0.9364679604785746,
          30.84004992418576,
          0.9360115938883808
        ],
        [
          0.9432067950828468,
          0.9349055031131852,
          0.9351158804066875,
          1.121740823200605,
          0.9344846504832646,
          0.9350159426460933,
          1.2687468254913399,
          2.3106285729083402,
          0.0,
          1.2796763650604055,
          0.9349717525324461,
          0.9346219824345403,
          0.9353416386031276,
          0.9345782796985674,
          0.9304764233894981,
          0.9374226781852227,
          0.9352059537174072,
          0.934743995922272,
          0.9345739085096433,
          0.9347096290228579,
          0.9345261201913388,
          1.1800689320727697,
          0.9608877497192309,
          0.9347767186005623,
          0.9349337760947919,
          0.9345311966122325,
          0.930008607228236,
          0.932500306904552,
          1.4016725361615676,
          0.9345574059705145,
          0.9346555572081718,
          0.9709232300381682,
          0.9347855299777109,
          0.9344140252699378,
          0.9351966292288633,
          0.9339998081493145,
          0.9330901806538136,
          0.9352518388082248,
          0.9345598878279439,
          1.0810644014229835,
          0.9357017798977625,
          0.933415180714348,
          0.9345770506620646,
          0.9374141581297599,
          2.5440765601104047,
          0.9316373012407217
        ],
        [
          0.9218600742237257,
          1.0167047162175082,
          1.7956457579484633,
          0.9816984823947951,
          1.3089105693466316,
          0.9229813446797959,
          0.9204681584954759,
          1.2309512513642806,
          1.2796763650604055,
          0.0,
          0.9205357580855644,
          0.9193541942572969,
          2.10133340564737,
          0.9443006888988926,
          1.3703758094321097,
          0.9790978624897608,
          6.45769245611775,
          1.0465794249533773,
          0.9196671453750037,
          1.3800912150038667,
          0.9364331656566616,
          1.0114176863080917,
          1.6729090423354325,
          1.0371090982309834,
          0.9211818417018487,
          0.9471271226525503,
          11.05631384840441,
          3.38707795814736,
          0.9188498245889982,
          0.9205778101816291,
          0.9194207488907692,
          0.9256637655094607,
          0.9198000372161683,
          1.4897451240815542,
          0.9244731307395132,
          9.328647738784841,
          0.9197648732142865,
          1.1412958925670642,
          0.9191984931484073,
          0.9624729575280833,
          1.0785050805735448,
          1.9872026704550345,
          0.9197025683761813,
          1.2659536083853196,
          4.223994754755106,
          6.443670466830365
        ],
        [
          0.9360411463563959,
          0.9360837932841216,
          0.9339313327101624,
          0.936373929536508,
          0.9356394475063134,
          0.9373695985615725,
          0.9350768663167173,
          1.091466049028825,
          0.9349717525324461,
          0.9205357580855644,
          0.0,
          0.9359747904338511,
          0.9357683088246586,
          0.9359030199427466,
          1.8141949414243157,
          0.9352742446481528,
          0.9620310873235991,
          0.9362409739303152,
          0.935880684334088,
          0.9354813896090195,
          0.9358282955280489,
          0.9353368914767076,
          0.9352699670198279,
          0.9360469014722806,
          0.9358923730814772,
          0.9344260176251318,
          0.9275325171627459,
          0.9340054384651426,
          0.9359267453893926,
          0.9358737420036627,
          0.9360210658471898,
          0.935593766507188,
          0.9359495523226241,
          0.9348848892413846,
          0.9358433053472982,
          0.9302571544506301,
          1.0705246282706202,
          0.9362033544600076,
          0.9358806547411848,
          0.9359926526458558,
          0.9361942696331045,
          1.021243563170941,
          0.9359263471391747,
          0.9360055447828044,
          0.8834104765935887,
          0.9299277091812806
        ],
        [
          0.9358720025390352,
          0.935895205770957,
          0.9337316689829226,
          0.9356446348860262,
          0.9354431911750444,
          0.9357975574778044,
          0.9344473064186091,
          0.922336916422499,
          0.9346219824345403,
          0.9193541942572969,
          0.9359747904338511,
          0.0,
          0.9354022036002696,
          0.935889466532351,
          0.9273403533213271,
          0.935137440837695,
          0.9334955681308682,
          0.9360653295913622,
          0.9356897660562203,
          0.9353019423711674,
          0.9356937380914064,
          0.9334132884432913,
          0.9350770560648842,
          0.9358589009683898,
          0.9357234691923143,
          0.9339335582461793,
          0.9273975126171103,
          1.333665759514872,
          0.9357337642533936,
          0.9357615840236259,
          1.0166080161210296,
          0.9353888436884971,
          0.9357674181617793,
          0.9351655734251912,
          0.9357565514710305,
          0.9300516283082547,
          0.9333011569676967,
          0.9360297904589752,
          0.9357643926120025,
          0.9358002064843624,
          0.9359809093238728,
          0.9329677906071933,
          0.9357324679286022,
          0.9356397562343912,
          0.8793398972407128,
          0.9296707681117858
        ],
        [
          0.9357305328101578,
          0.935708387652076,
          0.9347452990707784,
          0.9353730360864678,
          0.9352059327900336,
          0.935619910761954,
          0.9345389361537053,
          0.9266322922444791,
          0.9353416386031276,
          2.10133340564737,
          0.9357683088246586,
          0.9354022036002696,
          0.0,
          0.9353801840793782,
          1.8586605353023602,
          0.9355874603721942,
          0.9349200293561359,
          0.935689892341,
          0.9353368368498617,
          0.9384653692828904,
          0.9352990795664842,
          0.9338810859088517,
          0.9357934077163131,
          0.9355203648447745,
          0.9354400799504522,
          0.9342913669622555,
          0.929595456909546,
          0.9329938783699172,
          0.9353621045984364,
          0.9353275959246038,
          0.9354376208258819,
          0.9351237657832168,
          1.3234349989343384,
          0.9348389462428461,
          0.9354744709927783,
          0.9323743959419792,
          0.9337131839048882,
          0.9359836754631686,
          0.9353320997447283,
          0.9354529132372542,
          0.9363803428537238,
          0.9337875733825255,
          1.4051965334096435,
          1.0266009311146773,
          1.983464511117564,
          0.9313635937903195
        ],
        [
          0.9358063016378552,
          0.9358251809617522,
          0.9337061925758623,
          0.9355729884877196,
          0.9354006648397706,
          0.9358206825066404,
          0.9343785464794443,
          0.9223119925228916,
          0.9345782796985674,
          0.9443006888988926,
          0.9359030199427466,
          0.935889466532351,
          0.9353801840793782,
          0.0,
          0.927093318630086,
          0.9351083564700993,
          0.9335796409513112,
          0.9361060458999054,
          0.9356180506001188,
          0.9352605680844457,
          0.9356048537782033,
          0.933355825741072,
          0.9350835253673719,
          0.9357866850593138,
          0.935657527943381,
          0.9338808892745046,
          0.9314705418824473,
          1.848654680986056,
          0.9356572748709696,
          0.9356579849019874,
          0.9359411162552421,
          0.9353119712380668,
          0.9356952611997089,
          0.9352476064104323,
          0.9356808431847482,
          0.93649106511703,
          0.9332196061482311,
          0.935970109891828,
          0.9356465665177827,
          0.9357269050562602,
          0.9359294761792818,
          0.9330805265975288,
          0.9356557477431531,
          0.9357853817388557,
          0.8794143888033505,
          0.9298509029153199
        ],
        [
          0.9280289527535472,
          0.9270934816416303,
          0.9291247221640607,
          2.753634796724032,
          0.9268347430057602,
          3.6458595113888164,
          1.1298978594286544,
          1.5406682302761705,
          0.9304764233894981,
          1.3703758094321097,
          1.8141949414243157,
          0.9273403533213271,
          1.8586605353023602,
          0.927093318630086,
          0.0,
          0.9319568403890655,
          0.9842280099577402,
          1.3902343914642445,
          0.9268542137128688,
          0.9277284584979971,
          0.9268405492600618,
          3.9841111399680478,
          0.9301272772851183,
          0.927011969989767,
          0.9279446743453718,
          0.9282185840564637,
          0.924679075446911,
          4.956612385202178,
          0.9267232542586398,
          0.9268675012075962,
          0.9273963629229968,
          0.9270653715926209,
          0.9271541636956191,
          0.9287053747936709,
          0.9287990959062711,
          0.9288976081006262,
          6.280162541424167,
          0.9276815314566753,
          0.9268121394816502,
          0.9279726032259265,
          0.9284369100250336,
          1.6763448583571667,
          0.9266914275742067,
          1.3324180560079866,
          1.08550609526859,
          0.925338773385484
        ],
        [
          0.9361632532448525,
          0.9461451720284046,
          0.9371853529622589,
          0.9351090605692391,
          0.9350669618477591,
          0.9357131337633452,
          0.9348025078990566,
          1.3996847968392014,
          0.9374226781852227,
          0.9790978624897608,
          0.9352742446481528,
          0.935137440837695,
          0.9355874603721942,
          0.9351083564700993,
          0.9319568403890655,
          0.0,
          0.936474211294102,
          0.9351931492555831,
          0.9351061348783956,
          0.9377018502800781,
          0.935077798196386,
          0.9342766316400251,
          0.9839933753797098,
          0.935221655684676,
          0.9352357800614077,
          0.9348440734198689,
          0.9326962683462096,
          0.9342806187285971,
          0.9351123767677438,
          0.9350975623116454,
          0.935157504195745,
          0.9349727981922953,
          0.9353079248281544,
          0.9350646502067286,
          0.9353130957241391,
          0.9347273486761546,
          0.9341298218863432,
          1.0621276015710996,
          0.9350994648025958,
          0.9351501365078274,
          0.9364960283442115,
          0.9346146553939729,
          0.9351089740989111,
          0.9372528354769889,
          6.900174888134119,
          0.9337768808578527
        ],
        [
          0.9341219252325365,
          0.934295735232023,
          0.9366785843997961,
          0.9337927784246007,
          0.9337119514205644,
          0.9339147549961316,
          0.9333998902921032,
          2.460984375758936,
          0.9352059537174072,
          6.45769245611775,
          0.9620310873235991,
          0.9334955681308682,
          0.9349200293561359,
          0.9335796409513112,
          0.9842280099577402,
          0.936474211294102,
          0.0,
          0.9342761063345741,
          0.9334718054403103,
          0.9339034540703944,
          0.9334381047324339,
          0.9327264306678388,
          0.9366307853710815,
          0.9338247672672891,
          0.9338884384299843,
          0.9626877170902882,
          0.9323682550360886,
          0.9338154435042062,
          0.9334446624583037,
          0.9334427816843213,
          0.9335269745590907,
          0.9332854674349206,
          0.9336301139327925,
          0.9340251180827016,
          0.9341954875471707,
          0.9365760561234105,
          0.9324643396253934,
          0.9348418391389223,
          0.933441009717111,
          0.9336551245353805,
          1.2324527771787352,
          0.9331675244085569,
          0.9334375283047921,
          0.936957696615051,
          1.6777974869114216,
          0.9329529048042374
        ],
        [
          0.9359559467869523,
          0.9360145263146655,
          0.9339676689909248,
          0.9358819393355465,
          0.9357149269300621,
          1.464791135919686,
          0.9345545346159082,
          0.9225298699032501,
          0.934743995922272,
          1.0465794249533773,
          0.9362409739303152,
          0.9360653295913622,
          0.935689892341,
          0.9361060458999054,
          1.3902343914642445,
          0.9351931492555831,
          0.9342761063345741,
          0.0,
          0.9357860998209441,
          0.9354738344019716,
          0.9358248349193631,
          0.9345738124367289,
          0.9354374328753757,
          0.9359690059993387,
          0.935804479115334,
          0.9340266377948434,
          0.9344937619242323,
          1.2874281599581563,
          0.9358253929843273,
          0.9359076502092375,
          0.936124051562375,
          0.9354843548176272,
          0.9358536701280621,
          0.9360586593251755,
          0.9358775972057848,
          1.0189585802487324,
          0.9342256848569913,
          0.9361675261344857,
          0.9359095461395254,
          0.9359056900937924,
          0.9361112917816388,
          0.9338037118313057,
          0.9358246849307201,
          0.9361293299483686,
          0.8802951489023251,
          0.9310918018769139
        ],
        [
          0.9357909508208293,
          0.93580287220927,
          0.9337091463373666,
          0.9355541308003611,
          0.9354082428428917,
          0.9354140180441533,
          0.9343799571087303,
          0.922458875594718,
          0.9345739085096433,
          0.9196671453750037,
          0.935880684334088,
          0.9356897660562203,
          0.9353368368498617,
          0.9356180506001188,
          0.9268542137128688,
          0.9351061348783956,
          0.9334718054403103,
          0.9357860998209441,
          0.0,
          0.935240800590045,
          0.9355463865163186,
          0.933335565753173,
          0.9349816621896344,
          0.9357739026725742,
          0.9356425461968274,
          0.933888321467613,
          1.39086340352415,
          0.9314925037167651,
          0.9356403502264427,
          0.935593805698383,
          0.9357371915337139,
          0.9352992897301221,
          0.9356795815775396,
          0.9346594522000751,
          0.9356228767995314,
          0.9299247714589508,
          0.9331406513097817,
          0.9359432924415253,
          0.9355956040139024,
          0.935707061668245,
          0.9359123930795895,
          0.9327656023215729,
          0.9356387221829477,
          0.9354532302122381,
          0.8798109506497037,
          0.9297285193226249
        ],
        [
          0.9355221109791853,
          0.9355210116644045,
          0.934235458624516,
          0.9352151700446887,
          0.9353037989261838,
          0.9351845649406078,
          0.9342208291166756,
          0.9244368875908802,
          0.9347096290228579,
          1.3800912150038667,
          0.9354813896090195,
          0.9353019423711674,
          0.9384653692828904,
          0.9352605680844457,
          0.9277284584979971,
          0.9377018502800781,
          0.9339034540703944,
          0.9354738344019716,
          0.935240800590045,
          0.0,
          0.9351914174220344,
          0.9333031443222415,
          0.9354379863679588,
          0.935481249472851,
          0.9353133003604444,
          0.9338751109484487,
          2.248364540512866,
          0.9321208307454798,
          0.9352561154663199,
          0.9352299308707925,
          0.9353437429874847,
          0.934963413846932,
          0.9353295201251421,
          0.9353196414844135,
          0.9353475287634653,
          0.9311429820200093,
          0.9331001462761912,
          0.9360677589598629,
          0.9352213276580037,
          0.9353328877572343,
          0.9358786046626043,
          0.9329291590706176,
          0.9352534692925738,
          0.9356497229662071,
          1.3323387119447045,
          1.5237750047216267
        ],
        [
          0.935741198730295,
          0.9357481332787488,
          0.9336335125864813,
          0.9354982788009321,
          0.9353175982430605,
          0.9355022725630882,
          0.9343165565387765,
          0.9223252131622612,
          0.9345261201913388,
          0.9364331656566616,
          0.9358282955280489,
          0.9356937380914064,
          0.9352990795664842,
          0.9356048537782033,
          0.9268405492600618,
          0.935077798196386,
          0.9334381047324339,
          0.9358248349193631,
          0.9355463865163186,
          0.9351914174220344,
          0.0,
          0.9332687906964581,
          0.9349855778326311,
          0.9357116672681712,
          0.9355921762838894,
          0.9338291733944959,
          0.961913320207077,
          1.22391793426737,
          0.9355821562763178,
          0.9355488247742875,
          0.9357430400268886,
          0.9352375333973759,
          0.9356235301347751,
          1.0542947168970245,
          0.9355859869236287,
          0.9330102804208029,
          0.9330941778380064,
          0.9358930999289746,
          0.9355508368444563,
          0.9356503853673218,
          0.9358580992048985,
          0.932789369795329,
          0.9355802900328131,
          0.9355270409693109,
          0.8793389415122919,
          0.9312069202215434
        ],
        [
          0.9338330551537812,
          0.9335706122655969,
          0.9324044602195445,
          1.2284444966999812,
          0.9331716366949521,
          2.071866151304754,
          0.932549059937968,
          0.9232796426346611,
          1.1800689320727697,
          1.0114176863080917,
          0.9353368914767076,
          0.9334132884432913,
          0.9338810859088517,
          0.933355825741072,
          3.9841111399680478,
          0.9342766316400251,
          0.9327264306678388,
          0.9345738124367289,
          0.933335565753173,
          0.9333031443222415,
          0.9332687906964581,
          0.0,
          0.9337039996290398,
          0.9335137164372087,
          0.9336498749249078,
          0.9322832443933919,
          0.9265690719678953,
          0.9996499135664246,
          0.9333783970716498,
          0.9333230274897291,
          0.9334635068709703,
          1.0066981471718461,
          0.9334717019639213,
          0.9328311244562774,
          0.9338287985169024,
          0.9294484831376312,
          1.7174065510032337,
          0.9338529112830231,
          0.9333264738629611,
          1.179826242486721,
          0.9340368753081575,
          0.9622049761086415,
          0.9333228478283786,
          1.2391286013469454,
          1.0698786497734727,
          0.928576375971534
        ],
        [
          0.9870446627259919,
          1.236656546735067,
          0.9359060538442876,
          0.9349974107754994,
          0.9352055407287202,
          0.9354730156790342,
          0.9345519442229877,
          1.9484292122145277,
          0.9608877497192309,
          1.6729090423354325,
          0.9352699670198279,
          0.9350770560648842,
          0.9357934077163131,
          0.9350835253673719,
          0.9301272772851183,
          0.9839933753797098,
          0.9366307853710815,
          0.9354374328753757,
          0.9349816621896344,
          0.9354379863679588,
          0.9349855778326311,
          0.9337039996290398,
          0.0,
          1.2260509901746788,
          0.9352217702578949,
          0.9346549596941685,
          1.1844721827382048,
          1.3957691334936646,
          0.9350015547179981,
          0.934977345964059,
          0.9351119527228787,
          0.9347457711077495,
          0.9351306958739685,
          1.1708952008346813,
          0.9354548732785022,
          1.4501511337031463,
          0.9334409276178506,
          1.1299313048249102,
          0.9349700722204012,
          0.9350546314606094,
          0.9362496934316722,
          0.9340893729156331,
          0.9349531042150899,
          0.9373330822328602,
          2.7433927776806764,
          1.7613724572975777
        ],
        [
          0.935978622386683,
          0.9361060623449001,
          0.9339157337654298,
          0.9357292009898308,
          0.9356657335171445,
          0.9355773921536742,
          0.9345296435336067,
          0.9225482623214375,
          0.9347767186005623,
          1.0371090982309834,
          0.9360469014722806,
          0.9358589009683898,
          0.9355203648447745,
          0.9357866850593138,
          0.927011969989767,
          0.935221655684676,
          0.9338247672672891,
          0.9359690059993387,
          0.9357739026725742,
          0.935481249472851,
          0.9357116672681712,
          0.9335137164372087,
          1.2260509901746788,
          0.0,
          0.9357906876282314,
          0.934021617493648,
          0.9435976418768579,
          0.9320298844576995,
          0.9358108851874091,
          0.9357572239022292,
          0.9359060774652171,
          0.9354719608667827,
          0.9358417247093079,
          0.9349870451301749,
          0.9357486615771208,
          0.9508943117305803,
          0.9333031140094981,
          0.9362380885968395,
          0.9357640514481916,
          0.9358831744486052,
          0.9360892138180708,
          0.9329747819922314,
          0.9358099166190859,
          0.935558647677056,
          0.8805193270031272,
          1.1004668778632696
        ],
        [
          0.9358915913976227,
          0.935841252990265,
          0.9341435539712724,
          0.9356030861282201,
          0.9354288765440009,
          0.9355809720302032,
          0.9345759378274986,
          0.9240291467853601,
          0.9349337760947919,
          0.9211818417018487,
          0.9358923730814772,
          0.9357234691923143,
          0.9354400799504522,
          0.935657527943381,
          0.9279446743453718,
          0.9352357800614077,
          0.9338884384299843,
          0.935804479115334,
          0.9356425461968274,
          0.9353133003604444,
          0.9355921762838894,
          0.9336498749249078,
          0.9352217702578949,
          0.9357906876282314,
          0.0,
          0.9341458627222241,
          0.9281860539341261,
          0.9320231357846752,
          0.9356802593440043,
          0.9356338761969822,
          0.9357652831680073,
          0.9353792763038098,
          0.9357370589663223,
          0.9347786309291592,
          0.9356504044381363,
          0.9306467885389818,
          0.9334721816656489,
          0.936001244208427,
          0.935640438586235,
          0.9357389194091018,
          0.9360250470068887,
          0.9332022130914247,
          0.9356788798587695,
          0.9357414435956564,
          1.328781050363456,
          0.9303929465127019
        ],
        [
          0.9344676140916366,
          0.934090421515617,
          0.9336551970871074,
          0.9338804639601138,
          0.9337685906163297,
          0.93408362705362,
          0.9335273611348893,
          3.448415474896231,
          0.9345311966122325,
          0.9471271226525503,
          0.9344260176251318,
          0.9339335582461793,
          0.9342913669622555,
          0.9338808892745046,
          0.9282185840564637,
          0.9348440734198689,
          0.9626877170902882,
          0.9340266377948434,
          0.933888321467613,
          0.9338751109484487,
          0.9338291733944959,
          0.9322832443933919,
          0.9346549596941685,
          0.934021617493648,
          0.9341458627222241,
          0.0,
          0.9285797480901612,
          0.9312924493302878,
          0.9338866805210791,
          0.9338683302546875,
          0.9339711075977916,
          0.9336242970189721,
          0.9340412158547139,
          0.9334359360993386,
          0.9342882331072683,
          1.0321044671271236,
          0.9321147276814163,
          0.9343781208492753,
          0.9338716892498264,
          0.9339461637135607,
          0.9347304311638106,
          0.9324462260776964,
          0.9338784689479935,
          0.9353322114996933,
          1.9877651133160377,
          0.9320891119058798
        ],
        [
          0.928298955585298,
          0.9283930841229134,
          1.6056531425720846,
          0.9275259146889887,
          2.0962077205337186,
          0.9285580517797835,
          0.9273749813132581,
          0.9275798012329407,
          0.930008607228236,
          11.05631384840441,
          0.9275325171627459,
          0.9273975126171103,
          0.929595456909546,
          0.9314705418824473,
          0.924679075446911,
          0.9326962683462096,
          0.9323682550360886,
          0.9344937619242323,
          1.39086340352415,
          2.248364540512866,
          0.961913320207077,
          0.9265690719678953,
          1.1844721827382048,
          0.9435976418768579,
          0.9281860539341261,
          0.9285797480901612,
          0.0,
          2.976551717834048,
          0.9270088939200821,
          1.0096349637012711,
          0.9274429038559807,
          0.9268539717931739,
          0.9273750374102427,
          3.2939900972768013,
          1.0156963782398325,
          2.532776010689702,
          0.9262455243617633,
          0.9291231952227185,
          0.9271411361928548,
          0.9273096424656175,
          0.93087820226538,
          1.2888178987957704,
          0.9269781017776492,
          0.9324643239203393,
          1.0004581597960807,
          5.745610077392851
        ],
        [
          0.932192001963454,
          0.9321939678901938,
          0.936459993451335,
          0.9318277682353737,
          0.9322316049958084,
          2.0239684465130643,
          0.9309621560666199,
          0.9264059058114829,
          0.932500306904552,
