Map from character to field name
A:	Argentina
B:	Australia
C:	Austria
D:	Bangladesh
E:	Belgium
F:	Brazil
G:	Canada
H:	Chile
I:	China
J:	Czech Republic
K:	Denmark
L:	Egypt
M:	France
N:	Georgia
O:	Germany
P:	Guatemala
Q:	Hong Kong
R:	Hungary
S:	India
T:	Iran
U:	Italy
V:	Japan
W:	Kazakhstan
X:	Malaysia
Y:	Mexico
Z:	Mongolia
[:	Netherlands
\:	Nigeria
]:	Norway
^:	Peru
_:	Philippines
`:	Poland
a:	Romania
b:	Russia
c:	Singapore
d:	South Africa
e:	South Korea
f:	Spain
g:	Sri Lanka
h:	Sweden
i:	Switzerland
j:	Taiwan
k:	Thailand
l:	Turkey
m:	United Kingdom
n:	Usa
o:	Vietnam
p:	Zambia
q:	?


Substitution rate (mu): 33.095141

Equilibrium frequencies (pi_i):
  A: 0.0208
  B: 0.0186
  C: 0.0258
  D: 0.0263
  E: 0.0261
  F: 0.0164
  G: 0.0034
  H: 0.0148
  I: 0.016
  J: 0.0257
  K: 0.0256
  L: 0.0257
  M: 0.0188
  N: 0.0257
  O: 0.0245
  P: 0.0111
  Q: 0.009
  R: 0.0259
  S: 0.0234
  T: 0.0257
  U: 0.0213
  V: 0.0118
  W: 0.0238
  X: 0.0221
  Y: 0.0205
  Z: 0.0176
  [: 0.0215
  \: 0.0238
  ]: 0.0255
  ^: 0.0204
  _: 0.0222
  `: 0.022
  a: 0.0222
  b: 0.0239
  c: 0.0246
  d: 0.0222
  e: 0.0119
  f: 0.027
  g: 0.0254
  h: 0.0231
  i: 0.0244
  j: 0.0205
  k: 0.0217
  l: 0.0258
  m: 0.0129
  n: 0.0086
  o: 0.0201
  p: 0.0243

Symmetrized rates from j->i (W_ij):
	A	B	C	D	E	F	G	H	I	J	K	L	M	N	O	P	Q	R	S	T	U	V	W	X	Y	Z	[	\	]	^	_	`	a	b	c	d	e	f	g	h	i	j	k	l	m	n	o	p
  A	0	0.9452	0.945	0.9448	0.9449	0.9501	1.1649	0.9445	0.9367	0.945	0.9451	0.945	0.9449	0.945	0.9442	0.9447	1.3985	0.945	0.9452	0.945	0.9448	0.9438	0.9452	0.945	0.9443	0.942	0.943	0.9451	0.945	0.945	0.945	0.9452	0.945	0.9447	0.945	0.9452	0.9404	0.9441	0.945	0.9453	0.9451	0.9448	0.9453	0.945	0.9449	1.6158	0.943	0.9451
  B	0.9452	0	0.9447	1.1575	0.9449	0.9455	0.9421	0.9453	2.4123	0.9446	0.9447	0.9448	0.9459	0.9448	0.9446	0.9464	1.1339	0.9446	0.9459	0.9447	0.9729	1.4198	0.9473	0.945	0.9446	0.9743	0.9456	0.9449	0.9446	0.9451	0.945	0.9456	0.945	1.6352	0.9448	0.9457	1.8965	0.9438	0.9447	0.9459	0.9449	0.945	0.9438	0.9446	1.0499	1.8152	1.1515	0.9449
  C	0.945	0.9447	0	0.9448	0.9448	0.9445	0.9324	0.9441	0.9341	0.945	0.9452	0.945	0.9447	0.945	0.9438	0.9446	0.942	0.945	0.9451	0.945	0.9457	0.9433	0.9453	0.945	0.9439	0.9412	0.9425	0.9451	0.945	0.945	0.945	0.9452	0.945	0.9446	0.945	0.9452	0.9392	0.9439	0.945	0.9452	0.9451	0.9447	0.9428	0.945	1.4168	0.9047	0.9424	0.945
  D	0.9448	1.1575	0.9448	0	0.9495	0.9443	0.9322	0.9439	0.939	0.9448	0.945	0.9494	0.9446	0.9451	0.9437	0.9445	0.942	0.9448	0.9452	0.9466	0.9446	0.9434	0.9456	0.9448	0.9438	2.3672	0.9431	0.9449	0.9448	0.9448	0.9449	0.945	0.9448	1.7475	0.9448	0.9453	0.9403	0.9437	0.9448	0.9455	0.9449	0.9445	0.9426	0.9448	0.9446	0.9041	0.945	0.9449
  E	0.9449	0.9449	0.9448	0.9495	0	0.9443	0.9323	0.9439	0.9388	0.9449	0.9451	0.9475	0.947	0.9451	0.947	0.9445	0.942	0.9449	0.9453	0.946	0.9462	0.9435	0.9458	0.9449	0.9438	1.7204	1.3329	0.9449	0.9449	0.9448	0.9449	0.945	0.9449	1.8216	0.9448	0.9454	1.0445	1.41	0.9448	0.9456	0.9449	0.9445	0.9427	0.9448	0.9445	0.9041	0.9429	0.9449
  F	0.9501	0.9455	0.9445	0.9443	0.9443	0	4.5868	0.9462	0.9388	0.9445	0.9446	0.9445	0.945	0.9445	0.9445	0.9446	1.3964	0.9445	0.9449	0.9445	0.9445	0.9442	0.9447	0.9446	1.0154	0.9422	0.943	0.9447	0.9445	0.9446	0.9446	0.945	0.9446	0.9442	0.9445	0.9447	0.9431	0.9438	0.9445	0.9449	0.9447	0.9452	0.9487	0.9445	0.9449	2.3966	0.943	0.9447
  G	1.1649	0.9421	0.9324	0.9322	0.9323	4.5868	0	1.6226	1.3273	0.9324	0.9327	0.9325	1.1867	0.9325	1.1187	1.0612	2.419	0.9325	0.9347	0.9325	0.9357	2.3477	0.9338	0.9342	3.4451	0.9365	0.9346	0.9337	0.9326	1.1008	0.9342	0.9356	0.9342	0.9338	0.933	0.9343	2.4977	0.9417	0.9327	0.9351	0.9335	1.6196	3.1807	0.9324	0.9419	46.1491	0.9357	0.9337
  H	0.9445	0.9453	0.9441	0.9439	0.9439	0.9462	1.6226	0	0.9394	0.944	0.9442	0.9441	0.9445	0.9441	0.9435	0.9447	0.944	0.9441	0.9443	0.944	0.9442	0.9441	0.9444	0.9442	0.9438	0.9423	0.9428	1.212	0.9441	0.9443	0.9442	0.9446	0.9442	0.944	0.9441	0.9444	0.9415	0.9434	0.9441	0.9445	0.9443	0.9991	0.9431	0.9441	0.9449	3.4178	0.9429	0.9442
  I	0.9367	2.4123	0.9341	0.939	0.9388	0.9388	1.3273	0.9394	0	0.9344	0.9343	0.9343	1.2305	0.9348	1.2482	0.9417	9.4875	0.9342	1.7839	0.9343	0.9511	3.0257	1.9623	0.9453	0.939	6.2587	2.8885	0.9351	0.9344	0.9367	0.9359	1.1957	0.9358	2.6092	1.402	0.9397	5.8006	0.9336	0.9343	1.3352	0.935	0.9367	1.4582	0.9341	1.7734	3.5198	5.8419	0.9359
  J	0.945	0.9446	0.945	0.9448	0.9449	0.9445	0.9324	0.944	0.9344	0	0.9452	0.945	0.9447	0.945	0.9437	0.9445	0.942	0.945	0.9451	0.945	0.9448	0.9433	0.9454	0.945	0.9439	0.9414	1.8854	0.945	0.945	0.9449	0.945	0.9451	0.945	0.9448	0.945	0.9452	0.9393	0.9439	0.945	0.9453	0.9451	0.9447	0.9428	0.945	0.9446	0.9046	0.9424	0.945
  K	0.9451	0.9447	0.9452	0.945	0.9451	0.9446	0.9327	0.9442	0.9343	0.9452	0	0.9452	0.945	0.9452	1.1834	0.9446	0.9425	0.9453	0.9452	0.9451	0.9452	0.9434	0.9454	0.9451	0.9442	0.9413	0.9426	0.9452	0.9452	0.9451	0.9452	0.9453	0.9451	0.9448	0.9451	0.9454	0.9393	1.357	0.9452	0.9454	0.9452	0.9448	0.9452	0.9452	0.9449	0.9049	0.9426	0.9452
  L	0.945	0.9448	0.945	0.9494	0.9475	0.9445	0.9325	0.9441	0.9343	0.945	0.9452	0	0.9447	0.9451	0.9438	0.9446	0.942	0.945	0.9452	0.9499	0.9448	0.9433	0.9454	0.945	0.9439	0.9505	0.9426	0.9451	0.945	0.945	0.945	0.9452	0.945	1.4066	0.945	0.9453	0.9394	0.9439	0.945	0.9453	0.9451	0.9447	0.9429	0.945	0.9446	0.9047	0.9426	0.945
  M	0.9449	0.9459	0.9447	0.9446	0.947	0.945	1.1867	0.9445	1.2305	0.9447	0.945	0.9447	0	0.9447	1.4073	0.945	0.9443	0.9448	0.9454	0.9447	1.782	0.9448	0.9455	0.9448	0.9536	0.9426	1.8892	0.9448	0.9447	0.9449	0.9448	1.3333	0.9448	0.9449	0.9447	0.945	0.9413	1.2858	0.9447	0.9472	1.3296	0.9447	0.9434	1.417	1.5887	2.3171	0.9432	0.9448
  N	0.945	0.9448	0.945	0.9451	0.9451	0.9445	0.9325	0.9441	0.9348	0.945	0.9452	0.9451	0.9447	0	0.9438	0.9446	0.942	0.9451	0.9453	0.945	0.9448	0.9434	0.9456	0.945	0.9439	1.1414	1.4148	0.9451	0.945	0.945	0.945	0.9452	0.945	1.3023	0.945	0.9453	0.9396	0.9439	0.945	0.9454	0.9451	0.9447	0.9429	0.945	0.9446	0.9047	0.9427	0.9451
  O	0.9442	0.9446	0.9438	0.9437	0.947	0.9445	1.1187	0.9435	1.2482	0.9437	1.1834	0.9438	1.4073	0.9438	0	0.9442	1.733	1.2319	0.9443	0.9438	1.4496	0.9434	0.9443	0.9439	1.0736	0.9424	0.9425	0.9439	0.9438	0.944	0.9439	0.9443	0.9439	1.1189	0.9438	0.9442	0.9398	4.2171	0.9439	0.9442	0.944	0.9438	1.4724	0.9438	1.8632	0.9188	0.9426	0.944
  P	0.9447	0.9464	0.9446	0.9445	0.9445	0.9446	1.0612	0.9447	0.9417	0.9445	0.9446	0.9446	0.945	0.9446	0.9442	0	1.2948	0.9446	0.9471	0.9445	0.9447	0.9445	0.9448	0.9446	0.9444	0.9432	0.9436	0.9447	0.9446	0.9446	0.9446	0.9451	0.9446	0.9445	0.9446	0.9447	0.9424	0.9441	0.9446	0.945	0.9448	0.9448	0.9438	0.9446	0.9453	6.0506	0.9437	0.9472
  Q	1.3985	1.1339	0.942	0.942	0.942	1.3964	2.419	0.944	9.4875	0.942	0.9425	0.942	0.9443	0.942	1.733	1.2948	0	0.9421	1.2236	0.942	0.946	1.617	0.9437	0.9427	1.2545	0.9587	1.055	0.9424	0.942	0.9429	0.9426	0.944	0.9426	0.9495	0.9422	0.9428	1.3233	0.9581	1.4129	0.9446	0.9424	0.9433	0.977	0.942	1.4199	4.8779	0.9452	1.2576
  R	0.945	0.9446	0.945	0.9448	0.9449	0.9445	0.9325	0.9441	0.9342	0.945	0.9453	0.945	0.9448	0.9451	1.2319	0.9446	0.9421	0	0.9451	0.945	0.9449	0.9433	0.9454	0.945	0.944	0.9413	1.4138	0.9451	0.945	0.945	0.945	0.9452	0.945	0.9448	0.945	0.9452	0.9392	1.1522	0.945	0.9453	0.9451	0.9447	0.9429	0.945	0.9446	0.9044	0.9424	0.9451
  S	0.9452	0.9459	0.9451	0.9452	0.9453	0.9449	0.9347	0.9443	1.7839	0.9451	0.9452	0.9452	0.9454	0.9453	0.9443	0.9471	1.2236	0.9451	0	0.9451	0.945	0.9442	0.949	0.9451	0.9443	1.9567	1.0005	0.9451	0.9451	0.9451	0.9451	0.9457	0.9451	1.3098	0.9451	0.9454	0.9418	0.9441	0.9451	0.9459	0.9452	0.9449	0.9432	0.9451	0.9458	1.1032	1.1387	0.9652
  T	0.945	0.9447	0.945	0.9466	0.946	0.9445	0.9325	0.944	0.9343	0.945	0.9451	0.9499	0.9447	0.945	0.9438	0.9445	0.942	0.945	0.9451	0	0.9448	0.9433	0.9453	0.945	0.9439	0.9464	0.9426	0.945	0.945	0.9449	0.945	0.9451	0.945	1.409	0.945	0.9453	0.9393	0.9439	0.945	0.9452	0.9451	0.9447	0.9428	0.945	0.9446	0.9047	0.9426	0.945
  U	0.9448	0.9729	0.9457	0.9446	0.9462	0.9445	0.9357	0.9442	0.9511	0.9448	0.9452	0.9448	1.782	0.9448	1.4496	0.9447	0.946	0.9449	0.945	0.9448	0	0.9438	0.9451	0.9448	0.9442	0.9418	0.9429	0.9449	0.9448	0.9448	0.9448	0.9455	0.9448	0.9455	0.9448	0.945	0.9403	1.6499	0.9448	0.9451	1.309	0.9446	0.9432	0.9448	1.8636	1.887	0.9429	0.9448
  V	0.9438	1.4198	0.9433	0.9434	0.9435	0.9442	2.3477	0.9441	3.0257	0.9433	0.9434	0.9433	0.9448	0.9434	0.9434	0.9445	1.617	0.9433	0.9442	0.9433	0.9438	0	0.9443	0.9438	0.9436	1.8029	0.944	0.9435	0.9433	0.9437	0.9436	0.9443	0.9436	1.0129	0.9434	0.9445	4.5266	0.9427	0.9434	0.9449	0.9435	0.9438	0.9431	0.9433	0.945	4.1055	2.0969	0.9436
  W	0.9452	0.9473	0.9453	0.9456	0.9458	0.9447	0.9338	0.9444	1.9623	0.9454	0.9454	0.9454	0.9455	0.9456	0.9443	0.9448	0.9437	0.9454	0.949	0.9453	0.9451	0.9443	0	0.9453	0.9443	1.6423	1.2014	0.9453	0.9454	0.9452	0.9453	0.9458	0.9452	1.0869	0.9453	0.9457	1.4287	0.9442	0.9453	1.0466	0.9453	0.945	0.9437	0.9453	0.9455	0.9201	0.9448	0.9453
  X	0.945	0.945	0.945	0.9448	0.9449	0.9446	0.9342	0.9442	0.9453	0.945	0.9451	0.945	0.9448	0.945	0.9439	0.9446	0.9427	0.945	0.9451	0.945	0.9448	0.9438	0.9453	0	0.9441	0.9432	0.943	0.945	0.945	0.9449	0.945	0.9452	0.945	0.9451	0.945	0.9455	1.4026	0.944	0.945	0.9453	0.9451	0.9447	0.9432	0.945	0.9448	1.3651	0.943	0.945
  Y	0.9443	0.9446	0.9439	0.9438	0.9438	1.0154	3.4451	0.9438	0.939	0.9439	0.9442	0.9439	0.9536	0.9439	1.0736	0.9444	1.2545	0.944	0.9443	0.9439	0.9442	0.9436	0.9443	0.9441	0	0.9414	0.9422	0.9441	0.9439	0.9441	0.9441	0.9444	0.9441	0.9439	0.944	0.9443	0.9403	0.9504	0.9441	0.9443	0.9441	0.944	0.9574	0.9439	0.945	1.3244	0.9422	0.9441
  Z	0.942	0.9743	0.9412	2.3672	1.7204	0.9422	0.9365	0.9423	6.2587	0.9414	0.9413	0.9505	0.9426	1.1414	0.9424	0.9432	0.9587	0.9413	1.9567	0.9464	0.9418	1.8029	1.6423	0.9432	0.9414	0	2.3968	0.9415	0.9414	0.942	0.9418	0.9424	0.9418	4.4315	0.9415	0.9527	5.903	0.9403	0.9413	1.1342	0.9415	0.9418	0.9411	0.9412	0.9433	0.9433	2.8165	0.9415
  [	0.943	0.9456	0.9425	0.9431	1.3329	0.943	0.9346	0.9428	2.8885	1.8854	0.9426	0.9426	1.8892	1.4148	0.9425	0.9436	1.055	1.4138	1.0005	0.9426	0.9429	0.944	1.2014	0.943	0.9422	2.3968	0	0.9427	1.418	0.943	0.9429	0.9434	0.9429	3.0382	0.9427	0.9441	1.9611	0.9416	0.9426	1.5199	0.9428	0.9428	0.9415	0.9425	0.9444	0.9397	0.9444	0.9427
  \	0.9451	0.9449	0.9451	0.9449	0.9449	0.9447	0.9337	1.212	0.9351	0.945	0.9452	0.9451	0.9448	0.9451	0.9439	0.9447	0.9424	0.9451	0.9451	0.945	0.9449	0.9435	0.9453	0.945	0.9441	0.9415	0.9427	0	0.9451	0.945	0.9451	0.9453	0.9451	0.9447	0.945	0.9453	0.9397	0.944	0.9451	0.9453	0.9452	0.9448	0.9431	0.9451	0.9448	1.1358	0.9427	0.9451
  ]	0.945	0.9446	0.945	0.9448	0.9449	0.9445	0.9326	0.9441	0.9344	0.945	0.9452	0.945	0.9447	0.945	0.9438	0.9446	0.942	0.945	0.9451	0.945	0.9448	0.9433	0.9454	0.945	0.9439	0.9414	1.418	0.9451	0	0.945	0.945	0.9452	0.945	0.9447	0.945	0.9452	0.9393	0.9439	0.945	0.9453	0.9451	0.9447	0.9429	0.945	0.9446	0.905	0.9425	0.945
  ^	0.945	0.9451	0.945	0.9448	0.9448	0.9446	1.1008	0.9443	0.9367	0.9449	0.9451	0.945	0.9449	0.945	0.944	0.9446	0.9429	0.945	0.9451	0.9449	0.9448	0.9437	0.9452	0.9449	0.9441	0.942	0.943	0.945	0.945	0	0.945	0.9452	0.945	0.9446	0.9449	0.9451	0.9403	0.9441	0.945	0.9452	0.9451	0.9447	0.9432	0.945	0.9448	1.6632	0.9429	0.945
  _	0.945	0.945	0.945	0.9449	0.9449	0.9446	0.9342	0.9442	0.9359	0.945	0.9452	0.945	0.9448	0.945	0.9439	0.9446	0.9426	0.945	0.9451	0.945	0.9448	0.9436	0.9453	0.945	0.9441	0.9418	0.9429	0.9451	0.945	0.945	0	0.9452	0.945	0.9447	0.945	0.9452	0.94	0.9441	0.945	0.9453	0.9451	0.9448	0.9432	0.945	0.9448	1.3648	0.9428	0.9451
  `	0.9452	0.9456	0.9452	0.945	0.945	0.945	0.9356	0.9446	1.1957	0.9451	0.9453	0.9452	1.3333	0.9452	0.9443	0.9451	0.944	0.9452	0.9457	0.9451	0.9455	0.9443	0.9458	0.9452	0.9444	0.9424	0.9434	0.9453	0.9452	0.9452	0.9452	0	0.9452	0.9451	0.9452	0.9454	0.941	0.9443	0.9452	0.9456	0.9454	0.945	0.9434	0.9452	1.0916	1.3661	0.9435	0.9452
  a	0.945	0.945	0.945	0.9448	0.9449	0.9446	0.9342	0.9442	0.9358	0.945	0.9451	0.945	0.9448	0.945	0.9439	0.9446	0.9426	0.945	0.9451	0.945	0.9448	0.9436	0.9452	0.945	0.9441	0.9418	0.9429	0.9451	0.945	0.945	0.945	0.9452	0	0.9447	0.945	0.9452	0.94	0.944	0.945	0.9453	0.9451	0.9448	0.9431	0.945	0.9448	1.3648	0.9428	0.945
  b	0.9447	1.6352	0.9446	1.7475	1.8216	0.9442	0.9338	0.944	2.6092	0.9448	0.9448	1.4066	0.9449	1.3023	1.1189	0.9445	0.9495	0.9448	1.3098	1.409	0.9455	1.0129	1.0869	0.9451	0.9439	4.4315	3.0382	0.9447	0.9447	0.9446	0.9447	0.9451	0.9447	0	0.9448	1.057	1.8523	0.944	0.9446	0.9775	0.9447	0.9445	0.9434	0.9446	0.9449	0.9186	1.793	0.9447
  c	0.945	0.9448	0.945	0.9448	0.9448	0.9445	0.933	0.9441	1.402	0.945	0.9451	0.945	0.9447	0.945	0.9438	0.9446	0.9422	0.945	0.9451	0.945	0.9448	0.9434	0.9453	0.945	0.944	0.9415	0.9427	0.945	0.945	0.9449	0.945	0.9452	0.945	0.9448	0	0.9452	0.9395	0.9439	0.945	0.9453	0.9451	0.9447	0.9429	0.945	0.9446	0.9066	0.9427	0.945
  d	0.9452	0.9457	0.9452	0.9453	0.9454	0.9447	0.9343	0.9444	0.9397	0.9452	0.9454	0.9453	0.945	0.9453	0.9442	0.9447	0.9428	0.9452	0.9454	0.9453	0.945	0.9445	0.9457	0.9455	0.9443	0.9527	0.9441	0.9453	0.9452	0.9451	0.9452	0.9454	0.9452	1.057	0.9452	0	1.3323	0.9443	0.9452	0.9455	0.9453	0.9449	0.9436	0.9452	0.9449	1.3656	0.9438	0.9452
  e	0.9404	1.8965	0.9392	0.9403	1.0445	0.9431	2.4977	0.9415	5.8006	0.9393	0.9393	0.9394	0.9413	0.9396	0.9398	0.9424	1.3233	0.9392	0.9418	0.9393	0.9403	4.5266	1.4287	1.4026	0.9403	5.903	1.9611	0.9397	0.9393	0.9403	0.94	0.941	0.94	1.8523	0.9395	1.3323	0	0.9384	0.9393	1.0322	0.9396	0.9405	2.3016	0.9391	0.9438	4.0777	2.197	0.9396
  f	0.9441	0.9438	0.9439	0.9437	1.41	0.9438	0.9417	0.9434	0.9336	0.9439	1.357	0.9439	1.2858	0.9439	4.2171	0.9441	0.9581	1.1522	0.9441	0.9439	1.6499	0.9427	0.9442	0.944	0.9504	0.9403	0.9416	0.944	0.9439	0.9441	0.9441	0.9443	0.944	0.944	0.9439	0.9443	0.9384	0	0.9439	0.9442	0.9442	0.9438	0.9561	0.944	0.9503	0.9037	0.9414	0.944
  g	0.945	0.9447	0.945	0.9448	0.9448	0.9445	0.9327	0.9441	0.9343	0.945	0.9452	0.945	0.9447	0.945	0.9439	0.9446	1.4129	0.945	0.9451	0.945	0.9448	0.9434	0.9453	0.945	0.9441	0.9413	0.9426	0.9451	0.945	0.945	0.945	0.9452	0.945	0.9446	0.945	0.9452	0.9393	0.9439	0	0.9452	0.9451	0.9447	0.9429	0.945	0.9446	0.9053	0.9425	0.9451
  h	0.9453	0.9459	0.9452	0.9455	0.9456	0.9449	0.9351	0.9445	1.3352	0.9453	0.9454	0.9453	0.9472	0.9454	0.9442	0.945	0.9446	0.9453	0.9459	0.9452	0.9451	0.9449	1.0466	0.9453	0.9443	1.1342	1.5199	0.9453	0.9453	0.9452	0.9453	0.9456	0.9453	0.9775	0.9453	0.9455	1.0322	0.9442	0.9452	0	0.9454	0.945	0.9435	0.9452	0.9453	1.1434	0.9451	0.9453
  i	0.9451	0.9449	0.9451	0.9449	0.9449	0.9447	0.9335	0.9443	0.935	0.9451	0.9452	0.9451	1.3296	0.9451	0.944	0.9448	0.9424	0.9451	0.9452	0.9451	1.309	0.9435	0.9453	0.9451	0.9441	0.9415	0.9428	0.9452	0.9451	0.9451	0.9451	0.9454	0.9451	0.9447	0.9451	0.9453	0.9396	0.9442	0.9451	0.9454	0	0.9448	0.943	0.9451	1.098	1.116	0.9427	0.9451
  j	0.9448	0.945	0.9447	0.9445	0.9445	0.9452	1.6196	0.9991	0.9367	0.9447	0.9448	0.9447	0.9447	0.9447	0.9438	0.9448	0.9433	0.9447	0.9449	0.9447	0.9446	0.9438	0.945	0.9447	0.944	0.9418	0.9428	0.9448	0.9447	0.9447	0.9448	0.945	0.9448	0.9445	0.9447	0.9449	0.9405	0.9438	0.9447	0.945	0.9448	0	0.9432	0.9447	0.9448	1.5883	0.9428	0.9447
  k	0.9453	0.9438	0.9428	0.9426	0.9427	0.9487	3.1807	0.9431	1.4582	0.9428	0.9452	0.9429	0.9434	0.9429	1.4724	0.9438	0.977	0.9429	0.9432	0.9428	0.9432	0.9431	0.9437	0.9432	0.9574	0.9411	0.9415	0.9431	0.9429	0.9432	0.9432	0.9434	0.9431	0.9434	0.9429	0.9436	2.3016	0.9561	0.9429	0.9435	0.943	0.9432	0	0.9428	0.9632	1.0637	0.9415	0.943
  l	0.945	0.9446	0.945	0.9448	0.9448	0.9445	0.9324	0.9441	0.9341	0.945	0.9452	0.945	1.417	0.945	0.9438	0.9446	0.942	0.945	0.9451	0.945	0.9448	0.9433	0.9453	0.945	0.9439	0.9412	0.9425	0.9451	0.945	0.945	0.945	0.9452	0.945	0.9446	0.945	0.9452	0.9391	0.944	0.945	0.9452	0.9451	0.9447	0.9428	0	0.9446	0.9047	0.9424	0.945
  m	0.9449	1.0499	1.4168	0.9446	0.9445	0.9449	0.9419	0.9449	1.7734	0.9446	0.9449	0.9446	1.5887	0.9446	1.8632	0.9453	1.4199	0.9446	0.9458	0.9446	1.8636	0.945	0.9455	0.9448	0.945	0.9433	0.9444	0.9448	0.9446	0.9448	0.9448	1.0916	0.9448	0.9449	0.9446	0.9449	0.9438	0.9503	0.9446	0.9453	1.098	0.9448	0.9632	0.9446	0	4.1938	0.9439	0.9448
  n	1.6158	1.8152	0.9047	0.9041	0.9041	2.3966	46.1491	3.4178	3.5198	0.9046	0.9049	0.9047	2.3171	0.9047	0.9188	6.0506	4.8779	0.9044	1.1032	0.9047	1.887	4.1055	0.9201	1.3651	1.3244	0.9433	0.9397	1.1358	0.905	1.6632	1.3648	1.3661	1.3648	0.9186	0.9066	1.3656	4.0777	0.9037	0.9053	1.1434	1.116	1.5883	1.0637	0.9047	4.1938	0	1.2158	1.0481
  o	0.943	1.1515	0.9424	0.945	0.9429	0.943	0.9357	0.9429	5.8419	0.9424	0.9426	0.9426	0.9432	0.9427	0.9426	0.9437	0.9452	0.9424	1.1387	0.9426	0.9429	2.0969	0.9448	0.943	0.9422	2.8165	0.9444	0.9427	0.9425	0.9429	0.9428	0.9435	0.9428	1.793	0.9427	0.9438	2.197	0.9414	0.9425	0.9451	0.9427	0.9428	0.9415	0.9424	0.9439	1.2158	0	0.9427
  p	0.9451	0.9449	0.945	0.9449	0.9449	0.9447	0.9337	0.9442	0.9359	0.945	0.9452	0.945	0.9448	0.9451	0.944	0.9472	1.2576	0.9451	0.9652	0.945	0.9448	0.9436	0.9453	0.945	0.9441	0.9415	0.9427	0.9451	0.945	0.945	0.9451	0.9452	0.945	0.9447	0.945	0.9452	0.9396	0.944	0.9451	0.9453	0.9451	0.9447	0.943	0.945	0.9448	1.0481	0.9427	0

Actual rates from j->i (Q_ij):
	A	B	C	D	E	F	G	H	I	J	K	L	M	N	O	P	Q	R	S	T	U	V	W	X	Y	Z	[	\	]	^	_	`	a	b	c	d	e	f	g	h	i	j	k	l	m	n	o	p
  A	0	0.0196	0.0196	0.0196	0.0196	0.0197	0.0242	0.0196	0.0194	0.0196	0.0196	0.0196	0.0196	0.0196	0.0196	0.0196	0.029	0.0196	0.0196	0.0196	0.0196	0.0196	0.0196	0.0196	0.0196	0.0196	0.0196	0.0196	0.0196	0.0196	0.0196	0.0196	0.0196	0.0196	0.0196	0.0196	0.0195	0.0196	0.0196	0.0196	0.0196	0.0196	0.0196	0.0196	0.0196	0.0335	0.0196	0.0196
  B	0.0176	0	0.0176	0.0215	0.0176	0.0176	0.0175	0.0176	0.0449	0.0176	0.0176	0.0176	0.0176	0.0176	0.0176	0.0176	0.0211	0.0176	0.0176	0.0176	0.0181	0.0264	0.0176	0.0176	0.0176	0.0181	0.0176	0.0176	0.0176	0.0176	0.0176	0.0176	0.0176	0.0304	0.0176	0.0176	0.0353	0.0176	0.0176	0.0176	0.0176	0.0176	0.0176	0.0176	0.0195	0.0338	0.0214	0.0176
  C	0.0243	0.0243	0	0.0243	0.0243	0.0243	0.024	0.0243	0.0241	0.0243	0.0243	0.0243	0.0243	0.0243	0.0243	0.0243	0.0243	0.0243	0.0243	0.0243	0.0244	0.0243	0.0243	0.0243	0.0243	0.0242	0.0243	0.0243	0.0243	0.0243	0.0243	0.0243	0.0243	0.0243	0.0243	0.0243	0.0242	0.0243	0.0243	0.0243	0.0243	0.0243	0.0243	0.0243	0.0365	0.0233	0.0243	0.0243
  D	0.0248	0.0304	0.0248	0	0.0249	0.0248	0.0245	0.0248	0.0247	0.0248	0.0248	0.0249	0.0248	0.0248	0.0248	0.0248	0.0247	0.0248	0.0248	0.0249	0.0248	0.0248	0.0248	0.0248	0.0248	0.0622	0.0248	0.0248	0.0248	0.0248	0.0248	0.0248	0.0248	0.0459	0.0248	0.0248	0.0247	0.0248	0.0248	0.0248	0.0248	0.0248	0.0248	0.0248	0.0248	0.0238	0.0248	0.0248
  E	0.0247	0.0247	0.0247	0.0248	0	0.0247	0.0244	0.0247	0.0245	0.0247	0.0247	0.0248	0.0247	0.0247	0.0247	0.0247	0.0246	0.0247	0.0247	0.0247	0.0247	0.0247	0.0247	0.0247	0.0247	0.045	0.0348	0.0247	0.0247	0.0247	0.0247	0.0247	0.0247	0.0476	0.0247	0.0247	0.0273	0.0368	0.0247	0.0247	0.0247	0.0247	0.0246	0.0247	0.0247	0.0236	0.0246	0.0247
  F	0.0156	0.0155	0.0155	0.0155	0.0155	0	0.0751	0.0155	0.0154	0.0155	0.0155	0.0155	0.0155	0.0155	0.0155	0.0155	0.0229	0.0155	0.0155	0.0155	0.0155	0.0155	0.0155	0.0155	0.0166	0.0154	0.0154	0.0155	0.0155	0.0155	0.0155	0.0155	0.0155	0.0155	0.0155	0.0155	0.0154	0.0155	0.0155	0.0155	0.0155	0.0155	0.0155	0.0155	0.0155	0.0392	0.0154	0.0155
  G	0.004	0.0032	0.0032	0.0032	0.0032	0.0157	0	0.0055	0.0045	0.0032	0.0032	0.0032	0.0041	0.0032	0.0038	0.0036	0.0083	0.0032	0.0032	0.0032	0.0032	0.008	0.0032	0.0032	0.0118	0.0032	0.0032	0.0032	0.0032	0.0038	0.0032	0.0032	0.0032	0.0032	0.0032	0.0032	0.0085	0.0032	0.0032	0.0032	0.0032	0.0055	0.0109	0.0032	0.0032	0.1576	0.0032	0.0032
  H	0.0139	0.014	0.0139	0.0139	0.0139	0.014	0.024	0	0.0139	0.0139	0.0139	0.0139	0.014	0.0139	0.0139	0.014	0.0139	0.0139	0.0139	0.0139	0.0139	0.0139	0.0139	0.0139	0.0139	0.0139	0.0139	0.0179	0.0139	0.0139	0.0139	0.014	0.0139	0.0139	0.0139	0.0139	0.0139	0.0139	0.0139	0.014	0.0139	0.0148	0.0139	0.0139	0.014	0.0505	0.0139	0.0139
  I	0.015	0.0385	0.0149	0.015	0.015	0.015	0.0212	0.015	0	0.0149	0.0149	0.0149	0.0196	0.0149	0.0199	0.015	0.1515	0.0149	0.0285	0.0149	0.0152	0.0483	0.0313	0.0151	0.015	0.0999	0.0461	0.0149	0.0149	0.015	0.0149	0.0191	0.0149	0.0417	0.0224	0.015	0.0926	0.0149	0.0149	0.0213	0.0149	0.015	0.0233	0.0149	0.0283	0.0562	0.0933	0.0149
  J	0.0243	0.0243	0.0243	0.0243	0.0243	0.0243	0.024	0.0243	0.0241	0	0.0243	0.0243	0.0243	0.0243	0.0243	0.0243	0.0243	0.0243	0.0243	0.0243	0.0243	0.0243	0.0243	0.0243	0.0243	0.0242	0.0485	0.0243	0.0243	0.0243	0.0243	0.0243	0.0243	0.0243	0.0243	0.0243	0.0242	0.0243	0.0243	0.0243	0.0243	0.0243	0.0243	0.0243	0.0243	0.0233	0.0243	0.0243
  K	0.0242	0.0242	0.0242	0.0242	0.0242	0.0242	0.0239	0.0242	0.0239	0.0242	0	0.0242	0.0242	0.0242	0.0303	0.0242	0.0241	0.0242	0.0242	0.0242	0.0242	0.0242	0.0242	0.0242	0.0242	0.0241	0.0241	0.0242	0.0242	0.0242	0.0242	0.0242	0.0242	0.0242	0.0242	0.0242	0.0241	0.0348	0.0242	0.0242	0.0242	0.0242	0.0242	0.0242	0.0242	0.0232	0.0241	0.0242
  L	0.0242	0.0242	0.0242	0.0244	0.0243	0.0242	0.0239	0.0242	0.024	0.0242	0.0243	0	0.0242	0.0242	0.0242	0.0242	0.0242	0.0242	0.0243	0.0244	0.0242	0.0242	0.0243	0.0242	0.0242	0.0244	0.0242	0.0242	0.0242	0.0242	0.0242	0.0243	0.0242	0.0361	0.0242	0.0243	0.0241	0.0242	0.0242	0.0243	0.0242	0.0242	0.0242	0.0242	0.0242	0.0232	0.0242	0.0242
  M	0.0178	0.0178	0.0178	0.0178	0.0178	0.0178	0.0223	0.0178	0.0231	0.0178	0.0178	0.0178	0	0.0178	0.0265	0.0178	0.0178	0.0178	0.0178	0.0178	0.0335	0.0178	0.0178	0.0178	0.0179	0.0177	0.0355	0.0178	0.0178	0.0178	0.0178	0.0251	0.0178	0.0178	0.0178	0.0178	0.0177	0.0242	0.0178	0.0178	0.025	0.0178	0.0177	0.0267	0.0299	0.0436	0.0177	0.0178
  N	0.0243	0.0243	0.0243	0.0243	0.0243	0.0243	0.024	0.0243	0.0241	0.0243	0.0243	0.0243	0.0243	0	0.0243	0.0243	0.0242	0.0243	0.0243	0.0243	0.0243	0.0243	0.0243	0.0243	0.0243	0.0294	0.0364	0.0243	0.0243	0.0243	0.0243	0.0243	0.0243	0.0335	0.0243	0.0243	0.0242	0.0243	0.0243	0.0243	0.0243	0.0243	0.0243	0.0243	0.0243	0.0233	0.0243	0.0243
  O	0.0231	0.0231	0.0231	0.0231	0.0232	0.0231	0.0274	0.0231	0.0306	0.0231	0.029	0.0231	0.0345	0.0231	0	0.0231	0.0425	0.0302	0.0231	0.0231	0.0355	0.0231	0.0231	0.0231	0.0263	0.0231	0.0231	0.0231	0.0231	0.0231	0.0231	0.0231	0.0231	0.0274	0.0231	0.0231	0.023	0.1033	0.0231	0.0231	0.0231	0.0231	0.0361	0.0231	0.0457	0.0225	0.0231	0.0231
  P	0.0104	0.0105	0.0104	0.0104	0.0104	0.0104	0.0117	0.0104	0.0104	0.0104	0.0104	0.0104	0.0104	0.0104	0.0104	0	0.0143	0.0104	0.0105	0.0104	0.0104	0.0104	0.0104	0.0104	0.0104	0.0104	0.0104	0.0104	0.0104	0.0104	0.0104	0.0104	0.0104	0.0104	0.0104	0.0104	0.0104	0.0104	0.0104	0.0104	0.0104	0.0104	0.0104	0.0104	0.0104	0.0669	0.0104	0.0105
  Q	0.0126	0.0102	0.0085	0.0085	0.0085	0.0126	0.0218	0.0085	0.0857	0.0085	0.0085	0.0085	0.0085	0.0085	0.0156	0.0117	0	0.0085	0.011	0.0085	0.0085	0.0146	0.0085	0.0085	0.0113	0.0087	0.0095	0.0085	0.0085	0.0085	0.0085	0.0085	0.0085	0.0086	0.0085	0.0085	0.012	0.0087	0.0128	0.0085	0.0085	0.0085	0.0088	0.0085	0.0128	0.0441	0.0085	0.0114
  R	0.0244	0.0244	0.0244	0.0244	0.0244	0.0244	0.0241	0.0244	0.0242	0.0244	0.0245	0.0244	0.0244	0.0244	0.0319	0.0244	0.0244	0	0.0244	0.0244	0.0244	0.0244	0.0245	0.0244	0.0244	0.0244	0.0366	0.0244	0.0244	0.0244	0.0244	0.0245	0.0244	0.0244	0.0244	0.0245	0.0243	0.0298	0.0244	0.0245	0.0244	0.0244	0.0244	0.0244	0.0244	0.0234	0.0244	0.0244
  S	0.0221	0.0221	0.0221	0.0221	0.0221	0.0221	0.0218	0.0221	0.0417	0.0221	0.0221	0.0221	0.0221	0.0221	0.0221	0.0221	0.0286	0.0221	0	0.0221	0.0221	0.0221	0.0222	0.0221	0.0221	0.0457	0.0234	0.0221	0.0221	0.0221	0.0221	0.0221	0.0221	0.0306	0.0221	0.0221	0.022	0.0221	0.0221	0.0221	0.0221	0.0221	0.022	0.0221	0.0221	0.0258	0.0266	0.0226
  T	0.0243	0.0243	0.0243	0.0243	0.0243	0.0242	0.0239	0.0242	0.024	0.0243	0.0243	0.0244	0.0242	0.0243	0.0242	0.0242	0.0242	0.0243	0.0243	0	0.0243	0.0242	0.0243	0.0243	0.0242	0.0243	0.0242	0.0243	0.0243	0.0243	0.0243	0.0243	0.0243	0.0362	0.0243	0.0243	0.0241	0.0242	0.0243	0.0243	0.0243	0.0242	0.0242	0.0243	0.0242	0.0232	0.0242	0.0243
  U	0.0201	0.0207	0.0201	0.0201	0.0201	0.0201	0.0199	0.0201	0.0202	0.0201	0.0201	0.0201	0.0379	0.0201	0.0308	0.0201	0.0201	0.0201	0.0201	0.0201	0	0.0201	0.0201	0.0201	0.0201	0.02	0.02	0.0201	0.0201	0.0201	0.0201	0.0201	0.0201	0.0201	0.0201	0.0201	0.02	0.0351	0.0201	0.0201	0.0278	0.0201	0.02	0.0201	0.0396	0.0401	0.02	0.0201
  V	0.0111	0.0167	0.0111	0.0111	0.0111	0.0111	0.0276	0.0111	0.0356	0.0111	0.0111	0.0111	0.0111	0.0111	0.0111	0.0111	0.019	0.0111	0.0111	0.0111	0.0111	0	0.0111	0.0111	0.0111	0.0212	0.0111	0.0111	0.0111	0.0111	0.0111	0.0111	0.0111	0.0119	0.0111	0.0111	0.0532	0.0111	0.0111	0.0111	0.0111	0.0111	0.0111	0.0111	0.0111	0.0483	0.0247	0.0111
  W	0.0225	0.0225	0.0225	0.0225	0.0225	0.0225	0.0222	0.0225	0.0467	0.0225	0.0225	0.0225	0.0225	0.0225	0.0225	0.0225	0.0225	0.0225	0.0226	0.0225	0.0225	0.0225	0	0.0225	0.0225	0.0391	0.0286	0.0225	0.0225	0.0225	0.0225	0.0225	0.0225	0.0259	0.0225	0.0225	0.034	0.0225	0.0225	0.0249	0.0225	0.0225	0.0225	0.0225	0.0225	0.0219	0.0225	0.0225
  X	0.0209	0.0209	0.0209	0.0209	0.0209	0.0209	0.0207	0.0209	0.0209	0.0209	0.0209	0.0209	0.0209	0.0209	0.0209	0.0209	0.0209	0.0209	0.0209	0.0209	0.0209	0.0209	0.0209	0	0.0209	0.0209	0.0209	0.0209	0.0209	0.0209	0.0209	0.0209	0.0209	0.0209	0.0209	0.0209	0.0311	0.0209	0.0209	0.0209	0.0209	0.0209	0.0209	0.0209	0.0209	0.0302	0.0209	0.0209
  Y	0.0194	0.0194	0.0193	0.0193	0.0193	0.0208	0.0706	0.0193	0.0192	0.0193	0.0193	0.0193	0.0195	0.0193	0.022	0.0194	0.0257	0.0193	0.0194	0.0193	0.0193	0.0193	0.0194	0.0193	0	0.0193	0.0193	0.0193	0.0193	0.0193	0.0193	0.0194	0.0193	0.0193	0.0193	0.0194	0.0193	0.0195	0.0193	0.0194	0.0193	0.0193	0.0196	0.0193	0.0194	0.0271	0.0193	0.0193
  Z	0.0166	0.0171	0.0166	0.0416	0.0303	0.0166	0.0165	0.0166	0.1101	0.0166	0.0166	0.0167	0.0166	0.0201	0.0166	0.0166	0.0169	0.0166	0.0344	0.0166	0.0166	0.0317	0.0289	0.0166	0.0166	0	0.0422	0.0166	0.0166	0.0166	0.0166	0.0166	0.0166	0.078	0.0166	0.0168	0.1038	0.0165	0.0166	0.02	0.0166	0.0166	0.0166	0.0166	0.0166	0.0166	0.0495	0.0166
  [	0.0202	0.0203	0.0202	0.0202	0.0286	0.0202	0.0201	0.0202	0.062	0.0405	0.0202	0.0202	0.0405	0.0304	0.0202	0.0203	0.0226	0.0303	0.0215	0.0202	0.0202	0.0203	0.0258	0.0202	0.0202	0.0514	0	0.0202	0.0304	0.0202	0.0202	0.0202	0.0202	0.0652	0.0202	0.0203	0.0421	0.0202	0.0202	0.0326	0.0202	0.0202	0.0202	0.0202	0.0203	0.0202	0.0203	0.0202
  \	0.0225	0.0225	0.0225	0.0225	0.0225	0.0225	0.0222	0.0288	0.0222	0.0225	0.0225	0.0225	0.0225	0.0225	0.0225	0.0225	0.0224	0.0225	0.0225	0.0225	0.0225	0.0224	0.0225	0.0225	0.0225	0.0224	0.0224	0	0.0225	0.0225	0.0225	0.0225	0.0225	0.0225	0.0225	0.0225	0.0224	0.0225	0.0225	0.0225	0.0225	0.0225	0.0224	0.0225	0.0225	0.027	0.0224	0.0225
  ]	0.0241	0.0241	0.0241	0.0241	0.0241	0.0241	0.0238	0.0241	0.0238	0.0241	0.0241	0.0241	0.0241	0.0241	0.0241	0.0241	0.024	0.0241	0.0241	0.0241	0.0241	0.0241	0.0241	0.0241	0.0241	0.024	0.0362	0.0241	0	0.0241	0.0241	0.0241	0.0241	0.0241	0.0241	0.0241	0.024	0.0241	0.0241	0.0241	0.0241	0.0241	0.0241	0.0241	0.0241	0.0231	0.024	0.0241
  ^	0.0193	0.0193	0.0193	0.0193	0.0193	0.0193	0.0225	0.0193	0.0191	0.0193	0.0193	0.0193	0.0193	0.0193	0.0193	0.0193	0.0193	0.0193	0.0193	0.0193	0.0193	0.0193	0.0193	0.0193	0.0193	0.0193	0.0193	0.0193	0.0193	0	0.0193	0.0193	0.0193	0.0193	0.0193	0.0193	0.0192	0.0193	0.0193	0.0193	0.0193	0.0193	0.0193	0.0193	0.0193	0.034	0.0193	0.0193
  _	0.0209	0.0209	0.0209	0.0209	0.0209	0.0209	0.0207	0.0209	0.0207	0.0209	0.0209	0.0209	0.0209	0.0209	0.0209	0.0209	0.0209	0.0209	0.0209	0.0209	0.0209	0.0209	0.0209	0.0209	0.0209	0.0209	0.0209	0.0209	0.0209	0.0209	0	0.0209	0.0209	0.0209	0.0209	0.0209	0.0208	0.0209	0.0209	0.0209	0.0209	0.0209	0.0209	0.0209	0.0209	0.0302	0.0209	0.0209
  `	0.0208	0.0208	0.0208	0.0208	0.0208	0.0208	0.0206	0.0208	0.0263	0.0208	0.0208	0.0208	0.0294	0.0208	0.0208	0.0208	0.0208	0.0208	0.0208	0.0208	0.0208	0.0208	0.0208	0.0208	0.0208	0.0208	0.0208	0.0208	0.0208	0.0208	0.0208	0	0.0208	0.0208	0.0208	0.0208	0.0207	0.0208	0.0208	0.0208	0.0208	0.0208	0.0208	0.0208	0.024	0.0301	0.0208	0.0208
  a	0.0209	0.0209	0.0209	0.0209	0.0209	0.0209	0.0207	0.0209	0.0207	0.0209	0.0209	0.0209	0.0209	0.0209	0.0209	0.0209	0.0209	0.0209	0.0209	0.0209	0.0209	0.0209	0.0209	0.0209	0.0209	0.0209	0.0209	0.0209	0.0209	0.0209	0.0209	0.0209	0	0.0209	0.0209	0.0209	0.0208	0.0209	0.0209	0.0209	0.0209	0.0209	0.0209	0.0209	0.0209	0.0302	0.0209	0.0209
  b	0.0225	0.039	0.0225	0.0417	0.0435	0.0225	0.0223	0.0225	0.0623	0.0225	0.0225	0.0336	0.0225	0.0311	0.0267	0.0225	0.0227	0.0225	0.0313	0.0336	0.0226	0.0242	0.0259	0.0226	0.0225	0.1058	0.0725	0.0225	0.0225	0.0225	0.0225	0.0226	0.0225	0	0.0225	0.0252	0.0442	0.0225	0.0225	0.0233	0.0225	0.0225	0.0225	0.0225	0.0225	0.0219	0.0428	0.0225
  c	0.0232	0.0232	0.0232	0.0232	0.0232	0.0232	0.0229	0.0232	0.0345	0.0232	0.0232	0.0232	0.0232	0.0232	0.0232	0.0232	0.0232	0.0232	0.0232	0.0232	0.0232	0.0232	0.0232	0.0232	0.0232	0.0231	0.0232	0.0232	0.0232	0.0232	0.0232	0.0232	0.0232	0.0232	0	0.0232	0.0231	0.0232	0.0232	0.0232	0.0232	0.0232	0.0232	0.0232	0.0232	0.0223	0.0232	0.0232
  d	0.021	0.021	0.021	0.021	0.021	0.021	0.0207	0.0209	0.0208	0.021	0.021	0.021	0.021	0.021	0.0209	0.021	0.0209	0.021	0.021	0.021	0.021	0.0209	0.021	0.021	0.0209	0.0211	0.0209	0.021	0.021	0.021	0.021	0.021	0.021	0.0234	0.021	0	0.0295	0.0209	0.021	0.021	0.021	0.021	0.0209	0.021	0.021	0.0303	0.0209	0.021
  e	0.0112	0.0225	0.0112	0.0112	0.0124	0.0112	0.0297	0.0112	0.0689	0.0112	0.0112	0.0112	0.0112	0.0112	0.0112	0.0112	0.0157	0.0112	0.0112	0.0112	0.0112	0.0538	0.017	0.0167	0.0112	0.0701	0.0233	0.0112	0.0112	0.0112	0.0112	0.0112	0.0112	0.022	0.0112	0.0158	0	0.0111	0.0112	0.0123	0.0112	0.0112	0.0273	0.0112	0.0112	0.0484	0.0261	0.0112
  f	0.0255	0.0255	0.0255	0.0255	0.038	0.0255	0.0254	0.0254	0.0252	0.0255	0.0366	0.0255	0.0347	0.0255	0.1137	0.0255	0.0258	0.0311	0.0255	0.0255	0.0445	0.0254	0.0255	0.0255	0.0256	0.0254	0.0254	0.0255	0.0255	0.0255	0.0255	0.0255	0.0255	0.0255	0.0255	0.0255	0.0253	0	0.0255	0.0255	0.0255	0.0255	0.0258	0.0255	0.0256	0.0244	0.0254	0.0255
  g	0.024	0.024	0.024	0.024	0.024	0.024	0.0237	0.024	0.0237	0.024	0.024	0.024	0.024	0.024	0.024	0.024	0.0359	0.024	0.024	0.024	0.024	0.024	0.024	0.024	0.024	0.0239	0.0239	0.024	0.024	0.024	0.024	0.024	0.024	0.024	0.024	0.024	0.0239	0.024	0	0.024	0.024	0.024	0.024	0.024	0.024	0.023	0.0239	0.024
  h	0.0219	0.0219	0.0219	0.0219	0.0219	0.0219	0.0216	0.0219	0.0309	0.0219	0.0219	0.0219	0.0219	0.0219	0.0219	0.0219	0.0219	0.0219	0.0219	0.0219	0.0219	0.0219	0.0242	0.0219	0.0219	0.0262	0.0352	0.0219	0.0219	0.0219	0.0219	0.0219	0.0219	0.0226	0.0219	0.0219	0.0239	0.0219	0.0219	0	0.0219	0.0219	0.0218	0.0219	0.0219	0.0265	0.0219	0.0219
  i	0.0231	0.0231	0.0231	0.0231	0.0231	0.0231	0.0228	0.023	0.0228	0.0231	0.0231	0.0231	0.0325	0.0231	0.023	0.0231	0.023	0.0231	0.0231	0.0231	0.0319	0.023	0.0231	0.0231	0.023	0.023	0.023	0.0231	0.0231	0.0231	0.0231	0.0231	0.0231	0.0231	0.0231	0.0231	0.0229	0.023	0.0231	0.0231	0	0.0231	0.023	0.0231	0.0268	0.0272	0.023	0.0231
  j	0.0193	0.0193	0.0193	0.0193	0.0193	0.0193	0.0331	0.0204	0.0192	0.0193	0.0193	0.0193	0.0193	0.0193	0.0193	0.0193	0.0193	0.0193	0.0193	0.0193	0.0193	0.0193	0.0193	0.0193	0.0193	0.0193	0.0193	0.0193	0.0193	0.0193	0.0193	0.0193	0.0193	0.0193	0.0193	0.0193	0.0192	0.0193	0.0193	0.0193	0.0193	0	0.0193	0.0193	0.0193	0.0325	0.0193	0.0193
  k	0.0205	0.0204	0.0204	0.0204	0.0204	0.0205	0.0689	0.0204	0.0316	0.0204	0.0205	0.0204	0.0204	0.0204	0.0319	0.0204	0.0212	0.0204	0.0204	0.0204	0.0204	0.0204	0.0204	0.0204	0.0207	0.0204	0.0204	0.0204	0.0204	0.0204	0.0204	0.0204	0.0204	0.0204	0.0204	0.0204	0.0498	0.0207	0.0204	0.0204	0.0204	0.0204	0	0.0204	0.0209	0.023	0.0204	0.0204
  l	0.0244	0.0243	0.0244	0.0243	0.0243	0.0243	0.024	0.0243	0.0241	0.0244	0.0244	0.0244	0.0365	0.0244	0.0243	0.0243	0.0243	0.0244	0.0244	0.0244	0.0243	0.0243	0.0244	0.0244	0.0243	0.0243	0.0243	0.0244	0.0244	0.0244	0.0244	0.0244	0.0244	0.0243	0.0244	0.0244	0.0242	0.0243	0.0244	0.0244	0.0244	0.0243	0.0243	0	0.0243	0.0233	0.0243	0.0244
  m	0.0122	0.0136	0.0183	0.0122	0.0122	0.0122	0.0122	0.0122	0.0229	0.0122	0.0122	0.0122	0.0205	0.0122	0.0241	0.0122	0.0183	0.0122	0.0122	0.0122	0.0241	0.0122	0.0122	0.0122	0.0122	0.0122	0.0122	0.0122	0.0122	0.0122	0.0122	0.0141	0.0122	0.0122	0.0122	0.0122	0.0122	0.0123	0.0122	0.0122	0.0142	0.0122	0.0124	0.0122	0	0.0542	0.0122	0.0122
  n	0.014	0.0157	0.0078	0.0078	0.0078	0.0207	0.3987	0.0295	0.0304	0.0078	0.0078	0.0078	0.02	0.0078	0.0079	0.0523	0.0421	0.0078	0.0095	0.0078	0.0163	0.0355	0.0079	0.0118	0.0114	0.0081	0.0081	0.0098	0.0078	0.0144	0.0118	0.0118	0.0118	0.0079	0.0078	0.0118	0.0352	0.0078	0.0078	0.0099	0.0096	0.0137	0.0092	0.0078	0.0362	0	0.0105	0.0091
  o	0.019	0.0232	0.019	0.019	0.019	0.019	0.0189	0.019	0.1177	0.019	0.019	0.019	0.019	0.019	0.019	0.019	0.019	0.019	0.0229	0.019	0.019	0.0422	0.019	0.019	0.019	0.0567	0.019	0.019	0.019	0.019	0.019	0.019	0.019	0.0361	0.019	0.019	0.0443	0.019	0.019	0.019	0.019	0.019	0.019	0.019	0.019	0.0245	0	0.019
  p	0.023	0.023	0.023	0.023	0.023	0.023	0.0227	0.0229	0.0227	0.023	0.023	0.023	0.023	0.023	0.0229	0.023	0.0306	0.023	0.0235	0.023	0.023	0.0229	0.023	0.023	0.0229	0.0229	0.0229	0.023	0.023	0.023	0.023	0.023	0.023	0.023	0.023	0.023	0.0228	0.0229	0.023	0.023	0.023	0.023	0.0229	0.023	0.023	0.0255	0.0229	0
