Map from character to field name
A:	Avian
B:	Camel
C:	Canine
D:	Equine
E:	Feline
F:	Seal
G:	Swine
H:	?


Substitution rate (mu): 1.102875

Equilibrium frequencies (pi_i):
  A: 0.2065
  B: 0.1442
  C: 0.1593
  D: 0.1244
  E: 0.1297
  F: 0.1202
  G: 0.1158

Symmetrized rates from j->i (W_ij):
	A	B	C	D	E	F	G
  A	0	0.6732	0.9522	1.3767	0.7004	1.0783	2.2682
  B	0.6732	0	1.0832	1.6004	1.1071	1.1052	0.843
  C	0.9522	1.0832	0	1.565	1.085	1.0846	2.0295
  D	1.3767	1.6004	1.565	0	1.0704	1.0715	0.8513
  E	0.7004	1.1071	1.085	1.0704	0	1.105	1.2953
  F	1.0783	1.1052	1.0846	1.0715	1.105	0	0.8768
  G	2.2682	0.843	2.0295	0.8513	1.2953	0.8768	0

Actual rates from j->i (Q_ij):
	A	B	C	D	E	F	G
  A	0	0.139	0.1966	0.2843	0.1446	0.2226	0.4684
  B	0.097	0	0.1561	0.2307	0.1596	0.1593	0.1215
  C	0.1517	0.1726	0	0.2494	0.1729	0.1728	0.3234
  D	0.1712	0.199	0.1946	0	0.1331	0.1332	0.1059
  E	0.0909	0.1436	0.1408	0.1389	0	0.1434	0.168
  F	0.1296	0.1328	0.1303	0.1287	0.1328	0	0.1053
  G	0.2626	0.0976	0.235	0.0986	0.15	0.1015	0
