{
  "generated_by": {
    "program": "augur",
    "version": "21.1.0"
  },
  "models": {
    "country": {
      "alphabet": [
        "Argentina",
        "Australia",
        "Austria",
        "Bangladesh",
        "Belgium",
        "Brazil",
        "Canada",
        "Chile",
        "China",
        "Czech Republic",
        "Denmark",
        "Egypt",
        "France",
        "Germany",
        "Guatemala",
        "Hong Kong",
        "Hungary",
        "Iceland",
        "India",
        "Iran",
        "Italy",
        "Japan",
        "Kazakhstan",
        "Laos",
        "Malaysia",
        "Mexico",
        "Mongolia",
        "Netherlands",
        "New Zealand",
        "Nigeria",
        "Pakistan",
        "Peru",
        "Poland",
        "Russia",
        "Singapore",
        "South Africa",
        "South Korea",
        "Spain",
        "Sri Lanka",
        "Taiwan",
        "Thailand",
        "United Kingdom",
        "Usa",
        "Vietnam",
        "Zambia",
        "?"
      ],
      "equilibrium_probabilities": [
        0.02575679467782326,
        0.021620859469103297,
        0.026355262810533235,
        0.02617345597604735,
        0.025006923108678577,
        0.016374249711071178,
        0.005082023715460284,
        0.01640403898326594,
        0.014283459996518737,
        0.025958963229408494,
        0.027001793779332976,
        0.025877488382493565,
        0.020578517195564944,
        0.026431674748886785,
        0.024740308361471914,
        0.013052391052874765,
        0.02651297621202881,
        0.02665681651460032,
        0.024079167674614394,
        0.025901081326707338,
        0.02563955233069411,
        0.019859069257468602,
        0.025830628372784173,
        0.02711386063614077,
        0.023836848069563744,
        0.017147199672539786,
        0.018590331810028116,
        0.028969749998278206,
        0.02621168386102466,
        0.023836597530640224,
        0.027056819312773105,
        0.021729131979647192,
        0.026991616022395956,
        0.02068190900245334,
        0.02583139559733065,
        0.02359244540868183,
        0.010046786283331796,
        0.024345789517834258,
        0.02554271093785423,
        0.0266122558381865,
        0.021582676186277423,
        0.013080144995956973,
        0.011101927613228127,
        0.01676651659535706,
        0.024154106243042973
      ],
      "rate": 22.379543492802444,
      "transition_matrix": [
        [
          0.0,
          0.9368128347955309,
          0.9370128931714689,
          0.9367242690107429,
          0.9364604356712117,
          0.9358516799413343,
          0.9248221792735611,
          1.3130266477756465,
          0.9214450939189897,
          0.9377324686946324,
          0.9368545751212668,
          0.9369342796599601,
          0.9365179100836826,
          0.9344280849398964,
          0.9373547957659631,
          0.933693962392143,
          0.9367208029624204,
          0.9372388681596667,
          0.9364814465592145,
          0.9368948285284431,
          0.9335928908067379,
          0.9371731404580209,
          0.936952175581266,
          0.936954639581778,
          0.9369598610636346,
          0.9350134589117042,
          0.931459797691615,
          0.9375713611820404,
          0.9375578616315273,
          0.936961830809872,
          0.9371051828624752,
          0.9369057877906262,
          0.9366418264443012,
          0.9359132047220027,
          0.9369440107701855,
          0.9370415780262558,
          0.9296884746235969,
          0.932282719306261,
          0.937297536042169,
          0.9367415912953796,
          0.9336089298893356,
          0.9360621582767867,
          1.0627463450980512,
          0.9308541631211119,
          0.9371375172537221
        ],
        [
          0.9368128347955309,
          0.0,
          0.9370337816464278,
          0.9369277286748585,
          0.9378832464607381,
          0.9376398368213108,
          0.9481803742031538,
          0.9484028703804465,
          1.4873583337511862,
          0.9384524755726615,
          0.936517084589677,
          0.93709234602773,
          0.9384806092162038,
          0.9349597764734917,
          0.9375151564504802,
          1.4031780324727334,
          0.936814138786714,
          0.937137761397463,
          0.9378849731073802,
          0.9370241794408588,
          0.9415298362463208,
          1.019882052431527,
          0.9372065055405904,
          0.9369212283786228,
          0.9369593358871882,
          0.9365488422444245,
          0.9724007562147067,
          0.9386367475525772,
          1.11215980893699,
          0.9369609952428651,
          0.9367642812448265,
          0.9372198734382278,
          0.9364165396770999,
          0.9597585715024897,
          0.9371983911160191,
          0.9375043548541921,
          1.2046488807380176,
          0.9334922239666316,
          0.9376972748703729,
          0.9373068269429939,
          0.9375187853886001,
          0.9733533137545408,
          1.7846595017024118,
          0.9444104998385001,
          0.9371955862255058
        ],
        [
          0.9370128931714689,
          0.9370337816464278,
          0.0,
          0.936780717906345,
          0.9367090100836825,
          0.935728293550849,
          0.9241815189086269,
          0.9367219751832271,
          1.1350452019467632,
          0.938009522354574,
          0.9369650341442073,
          0.9370001676093084,
          0.9365732437986503,
          0.9345500292669128,
          0.9373243417667578,
          0.9337448151676935,
          0.9367796471203281,
          0.9373796661039773,
          0.9365964083907461,
          0.9369545381520558,
          1.3071136708967712,
          0.9372260650638615,
          0.9370293031565313,
          0.9369954621966708,
          0.9369830025304079,
          0.9349519826098387,
          0.9318088390574172,
          0.937999103192896,
          0.9378492967192107,
          0.9369850181759757,
          0.9371679046000853,
          0.9369136950111292,
          1.0112644644181392,
          0.9363274791477244,
          0.9370203188352992,
          0.9371238638468645,
          0.9297618085372583,
          0.9326495899435164,
          0.9372905275774627,
          0.9367768549353791,
          0.9336559544991625,
          0.9362089425759135,
          0.889991698243612,
          0.9310873466420694,
          0.9371343097447197
        ],
        [
          0.9367242690107429,
          0.9369277286748585,
          0.936780717906345,
          0.0,
          0.9363865494737381,
          0.9355636873556372,
          0.9242270514227151,
          0.9365771827893999,
          1.3534508441056168,
          0.9376844718881949,
          0.9365908708119978,
          0.9366837015932326,
          0.9362971374539648,
          0.9341118297635925,
          0.9370470100244906,
          0.9333635521450094,
          0.9364628086651355,
          0.9370884723691154,
          0.9362592511288533,
          0.9366550570193986,
          0.9333612129594658,
          0.9370565725685579,
          0.9366988454363824,
          0.9366887805640262,
          0.9367133698766216,
          0.9347699055385867,
          0.9542811133874267,
          0.937550595805048,
          0.9375387519834216,
          0.9367153729372099,
          0.9368670993383135,
          0.9366689880462439,
          0.9363864217575523,
          0.9361347444402263,
          0.9366899231270607,
          0.9368778752833757,
          0.9584175470094889,
          0.9319780939961764,
          0.9370017221909711,
          0.9364814181550388,
          0.9333440235343564,
          0.9358574053978125,
          0.8903798814628351,
          1.839091763557224,
          0.9368624639655375
        ],
        [
          0.9364604356712117,
          0.9378832464607381,
          0.9367090100836825,
          0.9363865494737381,
          0.0,
          0.9357836058247287,
          0.9264551077947252,
          0.9369048664469575,
          1.9078970986324446,
          0.940212417203234,
          0.9366985399839303,
          0.9365002904233444,
          0.9367253088858741,
          2.3202798212056135,
          0.9369303872045482,
          1.0975828840449764,
          1.199839811311731,
          0.9374931130874674,
          0.9465655948685996,
          0.936418021072695,
          1.7479560377688521,
          0.9383498244796943,
          0.936500067116315,
          0.9363983371960766,
          0.9364919000413611,
          0.9348341556937955,
          1.2135532232711796,
          1.8353813589635621,
          0.93737642989855,
          0.936493817290082,
          0.9370773768288011,
          0.936500659165455,
          0.9362418534659015,
          1.525693662377823,
          0.9364910838784685,
          0.9367699676744281,
          0.9344174031884153,
          2.9620664277214064,
          0.9368682974579261,
          0.9362986676293598,
          0.9340618351763342,
          0.9424953130343586,
          1.202049915002359,
          1.041999199828368,
          0.9366878423488737
        ],
        [
          0.9358516799413343,
          0.9376398368213108,
          0.935728293550849,
          0.9355636873556372,
          0.9357836058247287,
          0.0,
          2.046146256755518,
          1.0098504299592144,
          0.9281684609135775,
          0.9362842054067001,
          0.9355961482293754,
          0.9357071866604177,
          0.9358937683649956,
          1.4532782480523248,
          0.93646255385437,
          0.9409140627916247,
          0.9355635834172575,
          0.9358719736392007,
          0.9355180965700727,
          0.9356849310202308,
          0.9337901659343467,
          1.0582208946981149,
          0.9357163291652411,
          0.9356817510456078,
          0.9358578084989778,
          1.446896933471318,
          0.932756684636255,
          0.9363139463925008,
          0.9361029057307824,
          0.9358590698138134,
          0.9357568511442098,
          0.9359614666167054,
          0.9354615500006652,
          0.9355786562593574,
          0.9357111608779619,
          0.9359971627693721,
          1.3402415017071407,
          0.9331744981325045,
          0.9363424992303736,
          0.9358247541981578,
          1.2986420311511393,
          0.9363987814402236,
          3.183494349535536,
          0.9326478860287092,
          0.936127892906665
        ],
        [
          0.9248221792735611,
          0.9481803742031538,
          0.9241815189086269,
          0.9242270514227151,
          0.9264551077947252,
          2.046146256755518,
          0.0,
          1.4506707031884918,
          0.9424887016579875,
          0.9247549667010024,
          0.9238295336344154,
          0.9244049964598468,
          0.927393570365842,
          0.9647709615424068,
          0.9280707349886005,
          2.5881652286460963,
          0.9240647406318651,
          0.9240995872955875,
          0.9252512124270247,
          0.9243865028794511,
          0.9244845540108755,
          1.272484250368387,
          0.9244316828617161,
          0.9238370639984964,
          0.9254087803335996,
          1.8249671515201185,
          0.9273139811241425,
          0.923364434549633,
          0.9244130566982782,
          0.9254093369072685,
          0.9238574942501835,
          0.9527060928435969,
          0.9237961222633714,
          0.928289014413867,
          0.9244301264993281,
          0.9255993299029189,
          1.5857932259501517,
          0.9243024104329384,
          0.9270750791970171,
          0.9519152438409064,
          0.9857011982926868,
          0.9341672158277706,
          35.08762610918729,
          0.9303298648132268,
          0.926817628899696
        ],
        [
          1.3130266477756465,
          0.9484028703804465,
          0.9367219751832271,
          0.9365771827893999,
          0.9369048664469575,
          1.0098504299592144,
          1.4506707031884918,
          0.0,
          0.9355615576769362,
          0.9373438928409342,
          0.9365884239607626,
          0.9367010678714555,
          0.9373556334976341,
          0.9354903717834888,
          0.9376914435022538,
          1.0154405846447665,
          0.9365607156569777,
          0.9368717411610372,
          0.9365563694533899,
          0.9366806011112974,
          0.9352260947747265,
          0.999371477351703,
          0.9367135001581787,
          0.9368897605399052,
          0.9369526295737223,
          0.9369116817118744,
          0.9339120178319354,
          0.9372458654533395,
          0.9371575415189055,
          0.936954369407342,
          0.9367583574956343,
          0.9371762582533543,
          0.9364581173160189,
          0.9370300100234398,
          0.9367083726093168,
          0.9370532457726386,
          0.9661809069439884,
          0.9337975570385838,
          0.9375853612055307,
          0.9368135667849744,
          0.9357385875144477,
          1.4087868818649225,
          3.7521803878225986,
          0.9344280208631203,
          0.9372864853700958
        ],
        [
          0.9214450939189897,
          1.4873583337511862,
          1.1350452019467632,
          1.3534508441056168,
          1.9078970986324446,
          0.9281684609135775,
          0.9424887016579875,
          0.9355615576769362,
          0.0,
          1.4999552934065508,
          0.9206582195691223,
          1.3616864023352708,
          1.6420842879969462,
          0.9234338642009734,
          0.9237811108310426,
          8.586832158793161,
          1.3584254269807563,
          1.0574951113882611,
          2.566467517046694,
          1.35015940119724,
          2.0936941394204704,
          1.9194589813364555,
          1.3822148842859043,
          0.9213119033342301,
          0.9226712430197113,
          0.9265711801418778,
          7.761781546988631,
          1.5070159428167442,
          1.2096508602009834,
          0.9226724617574199,
          0.9361382457978688,
          0.9241404576074257,
          0.9577056765548233,
          5.446998454005305,
          1.380411722121457,
          1.1344108531626516,
          9.67301101302384,
          1.3842616713536797,
          0.9229612379001839,
          0.9234617988214605,
          1.8685084688535027,
          1.2670581362694362,
          3.6496483127823085,
          9.144537730864478,
          0.9230780202992466
        ],
        [
          0.9377324686946324,
          0.9384524755726615,
          0.938009522354574,
          0.9376844718881949,
          0.940212417203234,
          0.9362842054067001,
          0.9247549667010024,
          0.9373438928409342,
          1.4999552934065508,
          0.0,
          0.937696041322138,
          0.9379643020252385,
          0.9375096440734817,
          0.9385959882416878,
          0.93806289268594,
          0.9547109241859761,
          0.9378724084602033,
          0.9386896542330454,
          0.9384100916206943,
          0.9378369440556978,
          0.9414497843889615,
          0.939461690258052,
          0.937978015290676,
          0.9377861349892174,
          0.937681027063395,
          0.935558697521403,
          0.9388444990479808,
          1.130385830453622,
          0.9388962608651854,
          0.9376830106588637,
          0.9384681365367473,
          0.9375530727009008,
          0.9375240266412822,
          1.0749185307279692,
          0.9379686135390781,
          0.9379357779316526,
          0.9334807315427041,
          0.9334598799405524,
          0.9380863323111751,
          0.9376287254909849,
          0.9347455543591265,
          0.9391911029795238,
          0.8938375364105668,
          0.93525497724111,
          0.9378490429248941
        ],
        [
          0.9368545751212668,
          0.936517084589677,
          0.9369650341442073,
          0.9365908708119978,
          0.9366985399839303,
          0.9355961482293754,
          0.9238295336344154,
          0.9365884239607626,
          0.9206582195691223,
          0.937696041322138,
          0.0,
          0.9368124751652841,
          0.9363986724278549,
          0.9351643253771204,
          0.9371776451802786,
          0.9330620521508134,
          0.9366400173075226,
          0.9371389515069413,
          0.9363494880640925,
          0.9367710957532015,
          1.3234029559362401,
          0.9368629632035183,
          0.9368312976906522,
          0.9368271116363818,
          0.9368351576917288,
          0.9347947017493529,
          0.9311362758429742,
          0.9376067924775837,
          0.9374855822932523,
          0.9368372235391795,
          0.9369927067448663,
          0.9367773460799478,
          0.9365547501617735,
          0.9358087196334909,
          0.9368226868408138,
          0.9369271940370784,
          0.9292153142933294,
          1.0095843177636432,
          0.9371385785870642,
          0.9366030154039954,
          0.9339514558425355,
          0.9358871857631736,
          0.8886060169052015,
          0.9304461462372551,
          0.9369874464658636
        ],
        [
          0.9369342796599601,
          0.93709234602773,
          0.9370001676093084,
          0.9366837015932326,
          0.9365002904233444,
          0.9357071866604177,
          0.9244049964598468,
          0.9367010678714555,
          1.3616864023352708,
          0.9379643020252385,
          0.9368124751652841,
          0.0,
          0.9364757595298959,
          0.9343559706856734,
          0.9372453170590966,
          0.9334100304964782,
          0.9366844196862303,
          0.9373544716731738,
          0.9365052961850668,
          0.9368832693378016,
          0.9336163515210437,
          0.9371839239660149,
          0.936911078568185,
          0.9369101319056675,
          0.9369079851122294,
          0.9349316410698386,
          0.9335390461670984,
          0.9378581143823188,
          0.9377767062605198,
          0.9369099643193581,
          0.9370893036864101,
          0.936846990089084,
          0.9366125243565625,
          0.9432090193543516,
          0.9369021172209572,
          0.9370587393131116,
          0.9419121324607361,
          0.9322296009631839,
          0.9372069858005526,
          0.9367003767364537,
          0.9335472224179342,
          0.9359858952584854,
          0.890840766010746,
          0.9311736682280984,
          0.9370580822479438
        ],
        [
          0.9365179100836826,
          0.9384806092162038,
          0.9365732437986503,
          0.9362971374539648,
          0.9367253088858741,
          0.9358937683649956,
          0.927393570365842,
          0.9373556334976341,
          1.6420842879969462,
          0.9375096440734817,
          0.9363986724278549,
          0.9364757595298959,
          0.0,
          1.3600115803235548,
          0.9371242934164853,
          1.404021606724453,
          0.9363646423852068,
          0.9368605504385886,
          1.097563806535002,
          0.9364380532719128,
          0.9379581484742705,
          0.9382789241921672,
          0.9365010263320538,
          0.9364439963262869,
          0.9365095758831355,
          0.9351112809584958,
          0.9328930060976596,
          0.9375294603778414,
          0.9373860991081298,
          0.9365111530254223,
          0.9365920331269414,
          0.9365087727498217,
          0.9362245720230544,
          0.936525639865254,
          0.9364932649002407,
          0.9366794602656526,
          0.9318499248951223,
          1.4643988399208512,
          0.9370120002693535,
          0.9364069575581434,
          0.9342000434624256,
          0.9363469020378739,
          2.0458742624147455,
          0.9324554973863877,
          0.9367800491740653
        ],
        [
          0.9344280849398964,
          0.9349597764734917,
          0.9345500292669128,
          0.9341118297635925,
          2.3202798212056135,
          1.4532782480523248,
          0.9647709615424068,
          0.9354903717834888,
          0.9234338642009734,
          0.9385959882416878,
          0.9351643253771204,
          0.9343559706856734,
          1.3600115803235548,
          0.0,
          0.9349529543681298,
          0.9336123887521608,
          1.0296987456416884,
          0.9346149861665869,
          0.9341340951123653,
          0.9343132510174598,
          2.3287127125752396,
          0.9355071492399203,
          0.9343784130590945,
          0.9342503817539243,
          0.9345927789678249,
          0.9358300557219279,
          0.9310841424800159,
          4.234248415328022,
          0.9349957250655697,
          0.9345948154779753,
          0.9355988835028973,
          0.9347564877966311,
          0.9340526471542729,
          0.9363427135453475,
          0.9343699571217907,
          0.9347122929255419,
          0.9289236581211098,
          5.904292776754237,
          0.934813003330504,
          0.9340976448384006,
          0.9316873508526617,
          0.9356874356155237,
          1.270804416781386,
          0.9293476327146398,
          0.9347625030088721
        ],
        [
          0.9373547957659631,
          0.9375151564504802,
          0.9373243417667578,
          0.9370470100244906,
          0.9369303872045482,
          0.93646255385437,
          0.9280707349886005,
          0.9376914435022538,
          0.9237811108310426,
          0.93806289268594,
          0.9371776451802786,
          0.9372453170590966,
          0.9371242934164853,
          0.9349529543681298,
          0.0,
          1.002386074994168,
          0.9370509879735419,
          0.9375557150036299,
          0.9368078001842178,
          0.9372086828199622,
          0.9341018448436976,
          0.9377605130161271,
          0.9372612371925599,
          0.9372739659723598,
          0.9373615433560126,
          0.9357211739120023,
          0.9319590820521982,
          0.9379515855244273,
          0.9378692733594332,
          0.9373634342248918,
          0.9374252995715245,
          0.9373822641811073,
          0.9369732405963206,
          0.9362941683461933,
          0.9372534431505937,
          0.9374425234469398,
          0.9309371638439059,
          0.9327608509669686,
          1.1568677442060393,
          0.9371377901990897,
          0.9343290192366281,
          0.9369646394021652,
          1.1990907788036969,
          0.9314340460287988,
          1.0306460445915455
        ],
        [
          0.933693962392143,
          1.4031780324727334,
          0.9337448151676935,
          0.9333635521450094,
          1.0975828840449764,
          0.9409140627916247,
          2.5881652286460963,
          1.0154405846447665,
          8.586832158793161,
          0.9547109241859761,
          0.9330620521508134,
          0.9334100304964782,
          1.404021606724453,
          0.9336123887521608,
          1.002386074994168,
          0.0,
          0.9333445287326501,
          0.9349464615904266,
          0.934480500457921,
          0.9333694161413149,
          1.4228566322671496,
          1.9423446181497075,
          0.9334295977400712,
          0.9332432106110808,
          0.9342440649821084,
          0.936921698082949,
          0.9378135244621856,
          0.9586097654139684,
          0.9376124898514568,
          0.9342450934035423,
          0.9333338277825963,
          0.9351461228169216,
          0.9331687062503234,
          1.111484847264955,
          0.9334062814923887,
          0.9349952387476725,
          0.9564286871126377,
          0.9411265321724717,
          1.3735607089676636,
          1.3428219243945545,
          1.3863265294563167,
          1.4239903291530243,
          2.9142625997683482,
          0.9980824870484969,
          0.9469899667383354
        ],
        [
          0.9367208029624204,
          0.936814138786714,
          0.9367796471203281,
          0.9364628086651355,
          1.199839811311731,
          0.9355635834172575,
          0.9240647406318651,
          0.9365607156569777,
          1.3584254269807563,
          0.9378724084602033,
          0.9366400173075226,
          0.9366844196862303,
          0.9363646423852068,
          1.0296987456416884,
          0.9370509879735419,
          0.9333445287326501,
          0.0,
          0.9371959648734864,
          0.9362876053937977,
          0.9366410168653433,
          0.9339973055398337,
          0.9370012984471486,
          0.936702968257008,
          0.93668645748597,
          0.9367114289645123,
          0.9347462464609957,
          0.9327595015054543,
          0.9379998303877031,
          0.937512521700702,
          0.9367134582688382,
          0.9368651744619096,
          0.9366660710263662,
          0.9363792972312024,
          0.9507480503377631,
          0.9366940342941238,
          0.936840342698048,
          0.9345979118521022,
          1.5924383333789762,
          0.9370033057374695,
          0.9364764433096714,
          0.9332969798345411,
          0.93587357351277,
          0.8897356737112881,
          0.9307638728605869,
          0.9368636138508979
        ],
        [
          0.9372388681596667,
          0.937137761397463,
          0.9373796661039773,
          0.9370884723691154,
          0.9374931130874674,
          0.9358719736392007,
          0.9240995872955875,
          0.9368717411610372,
          1.0574951113882611,
          0.9386896542330454,
          0.9371389515069413,
          0.9373544716731738,
          0.9368605504385886,
          0.9346149861665869,
          0.9375557150036299,
          0.9349464615904266,
          0.9371959648734864,
          0.0,
          0.9375842151375857,
          0.9372535223982846,
          0.9342773907567583,
          0.9376726579606539,
          0.9373662255212457,
          0.9372414819439778,
          0.9371994738437848,
          0.9350998686512765,
          0.9507548432557273,
          0.93865643760569,
          0.9379868904978298,
          0.9372015117192852,
          0.937413492919833,
          0.9371095637925145,
          0.9369338052115519,
          1.281250847291386,
          0.937357679534818,
          0.937364653142105,
          0.9341276935273545,
          0.9325183979881502,
          0.9375265593283801,
          0.9370170678789185,
          0.9339956060872651,
          0.936198848371983,
          0.8898245166585077,
          0.9349407610939934,
          0.9373575860775624
        ],
        [
          0.9364814465592145,
          0.9378849731073802,
          0.9365964083907461,
          0.9362592511288533,
          0.9465655948685996,
          0.9355180965700727,
          0.9252512124270247,
          0.9365563694533899,
          2.566467517046694,
          0.9384100916206943,
          0.9363494880640925,
          0.9365052961850668,
          1.097563806535002,
          0.9341340951123653,
          0.9368078001842178,
          0.934480500457921,
          0.9362876053937977,
          0.9375842151375857,
          0.0,
          0.936422701265664,
          0.9337198653891312,
          0.9375645039666117,
          0.9364888267041792,
          0.9364361894931885,
          0.9364910524057741,
          0.9347785551202383,
          1.0161102988050477,
          0.938466568082069,
          0.9377631725969009,
          0.9364928970015926,
          0.9367264021692907,
          0.9364719314468112,
          0.9361905773778287,
          1.483824797226631,
          0.9364784791543052,
          0.9368080721991386,
          0.932355505455955,
          0.9322411803297344,
          0.936746047247667,
          0.9362686799342413,
          0.9335021706709138,
          0.9361404108679071,
          0.8947736191548312,
          0.9499494957526881,
          0.9366353478936296
        ],
        [
          0.9368948285284431,
          0.9370241794408588,
          0.9369545381520558,
          0.9366550570193986,
          0.936418021072695,
          0.9356849310202308,
          0.9243865028794511,
          0.9366806011112974,
          1.35015940119724,
          0.9378369440556978,
          0.9367710957532015,
          0.9368832693378016,
          0.9364380532719128,
          0.9343132510174598,
          0.9372086828199622,
          0.9333694161413149,
          0.9366410168653433,
          0.9372535223982846,
          0.936422701265664,
          0.0,
          0.9335624273922997,
          0.9371370715286268,
          0.936870030060816,
          0.9368684466212783,
          0.936871307830525,
          0.9349036099494332,
          0.931811968355283,
          0.9377143347532017,
          0.9376952322746488,
          0.936873289066021,
          0.9370422160608971,
          0.9368135096452443,
          0.9365683690240126,
          0.9372377580446741,
          0.9368612105393475,
          0.9370266792909439,
          0.9589549315548613,
          0.9321868550600462,
          0.9371682801887959,
          0.9366594783837914,
          0.9335091117066916,
          0.9359444408818915,
          0.8907670086156945,
          0.9314712136203165,
          0.9370216676926363
        ],
        [
          0.9335928908067379,
          0.9415298362463208,
          1.3071136708967712,
          0.9333612129594658,
          1.7479560377688521,
          0.9337901659343467,
          0.9244845540108755,
          0.9352260947747265,
          2.0936941394204704,
          0.9414497843889615,
          1.3234029559362401,
          0.9336163515210437,
          0.9379581484742705,
          2.3287127125752396,
          0.9341018448436976,
          1.4228566322671496,
          0.9339973055398337,
          0.9342773907567583,
          0.9337198653891312,
          0.9335624273922997,
          0.0,
          0.9504654769130165,
          0.9336467330341494,
          0.9334443429030019,
          0.9338245934538403,
          0.9327909240769559,
          0.9317312335012865,
          1.1687502935397522,
          0.9349343340219437,
          0.9338265759813436,
          0.9337895944107937,
          0.9340464638204328,
          1.2961529723629328,
          1.0195409664047295,
          0.9336359526248564,
          0.9341324367478329,
          0.953459069560897,
          3.7394432897396124,
          0.9339572499128873,
          0.9334624981794324,
          1.3895071510406374,
          1.874589549418783,
          0.9030607643121301,
          0.9305835349564778,
          0.9339515981156614
        ],
        [
          0.9371731404580209,
          1.019882052431527,
          0.9372260650638615,
          0.9370565725685579,
          0.9383498244796943,
          1.0582208946981149,
          1.272484250368387,
          0.999371477351703,
          1.9194589813364555,
          0.939461690258052,
          0.9368629632035183,
          0.9371839239660149,
          0.9382789241921672,
          0.9355071492399203,
          0.9377605130161271,
          1.9423446181497075,
          0.9370012984471486,
          0.9376726579606539,
          0.9375645039666117,
          0.9371370715286268,
          0.9504654769130165,
          0.0,
          0.9372128238640006,
          1.4067106595252692,
          0.9371846923379114,
          0.9599807078165784,
          0.9403341142921262,
          0.9399123504962826,
          0.938472479849117,
          0.9371862134278142,
          0.937078719376209,
          0.9373752929590542,
          0.936760614074207,
          0.9951643875053529,
          0.9372046962620086,
          0.9376961113151302,
          1.5695605778889954,
          0.9338981807408845,
          0.9377262320733252,
          0.9372802715618344,
          0.9365737162199819,
          1.0456867598315769,
          2.0343482572160636,
          1.880267828978568,
          0.9374235901456824
        ],
        [
          0.936952175581266,
          0.9372065055405904,
          0.9370293031565313,
          0.9366988454363824,
          0.936500067116315,
          0.9357163291652411,
          0.9244316828617161,
          0.9367135001581787,
          1.3822148842859043,
          0.937978015290676,
          0.9368312976906522,
          0.936911078568185,
          0.9365010263320538,
          0.9343784130590945,
          0.9372612371925599,
          0.9334295977400712,
          0.936702968257008,
          0.9373662255212457,
          0.9364888267041792,
          0.936870030060816,
          0.9336467330341494,
          0.9372128238640006,
          0.0,
          0.9369290783707678,
          0.9369246262089777,
          0.9349470273299281,
          0.9343443364331795,
          0.9378849481980348,
          0.9378843626687313,
          0.9369266017235837,
          0.9371084312161325,
          0.9368622926453537,
          0.9366374739124506,
          0.936201075060636,
          0.9369199228602512,
          0.9370741427188282,
          0.9297529011362008,
          0.9322550839043591,
          0.9372241055419116,
          0.9367199321346686,
          0.9335679572945838,
          0.9360063474147365,
          0.8909405827486119,
          0.9308770565492206,
          0.9370742339966835
        ],
        [
          0.936954639581778,
          0.9369212283786228,
          0.9369954621966708,
          0.9366887805640262,
          0.9363983371960766,
          0.9356817510456078,
          0.9238370639984964,
          0.9368897605399052,
          0.9213119033342301,
          0.9377861349892174,
          0.9368271116363818,
          0.9369101319056675,
          0.9364439963262869,
          0.9342503817539243,
          0.9372739659723598,
          0.9332432106110808,
          0.93668645748597,
          0.9372414819439778,
          0.9364361894931885,
          0.9368684466212783,
          0.9334443429030019,
          1.4067106595252692,
          0.9369290783707678,
          0.0,
          0.9369262965455688,
          0.9348605410367296,
          0.9311898113652834,
          0.9376229963060723,
          0.9375893962316884,
          0.9369283702100257,
          0.9370961032680768,
          0.936861103478936,
          0.9366029891540565,
          0.935950963249956,
          0.9369204313352776,
          0.9370187736955842,
          0.9296685629285703,
          0.9320198429825036,
          0.9372386775006819,
          0.936705239648893,
          0.9333887432226948,
          0.9359831317885297,
          0.8889226377443625,
          0.9305037153374285,
          0.9370803847385542
        ],
        [
          0.9369598610636346,
          0.9369593358871882,
          0.9369830025304079,
          0.9367133698766216,
          0.9364919000413611,
          0.9358578084989778,
          0.9254087803335996,
          0.9369526295737223,
          0.9226712430197113,
          0.937681027063395,
          0.9368351576917288,
          0.9369079851122294,
          0.9365095758831355,
          0.9345927789678249,
          0.9373615433560126,
          0.9342440649821084,
          0.9367114289645123,
          0.9371994738437848,
          0.9364910524057741,
          0.936871307830525,
          0.9338245934538403,
          0.9371846923379114,
          0.9369246262089777,
          0.9369262965455688,
          0.0,
          0.9351039803019494,
          0.9318673720750233,
          0.9375376701638723,
          0.9375052307271443,
          0.936924111679231,
          0.9370714592553355,
          0.9368649093049026,
          0.9366381498233743,
          0.9360063511598108,
          0.9369170472036313,
          0.9370037646593439,
          0.9301396279326635,
          0.9326054224121537,
          0.9373081917489525,
          0.9367401479466955,
          0.9338367607264598,
          0.9360583201465936,
          1.3404439187470698,
          0.9313081107921127,
          0.9371187112665011
        ],
        [
          0.9350134589117042,
          0.9365488422444245,
          0.9349519826098387,
          0.9347699055385867,
          0.9348341556937955,
          1.446896933471318,
          1.8249671515201185,
          0.9369116817118744,
          0.9265711801418778,
          0.935558697521403,
          0.9347947017493529,
          0.9349316410698386,
          0.9351112809584958,
          0.9358300557219279,
          0.9357211739120023,
          0.936921698082949,
          0.9347462464609957,
          0.9350998686512765,
          0.9347785551202383,
          0.9349036099494332,
          0.9327909240769559,
          0.9599807078165784,
          0.9349470273299281,
          0.9348605410367296,
          0.9351039803019494,
          0.0,
          0.9319296010906157,
          0.9352525980481529,
          0.9353734758434369,
          0.9351053058399458,
          0.9349680039737879,
          0.9352310384196809,
          0.9346543588486428,
          0.9348538700345383,
          0.9349415423387445,
          0.9351932058573147,
          0.9316971285250875,
          0.9319775684033444,
          0.9355804673016344,
          0.9348790124417239,
          0.9333401031673526,
          0.9356076700861934,
          3.217314111769713,
          0.9317976045442155,
          0.9353876891856507
        ],
        [
          0.931459797691615,
          0.9724007562147067,
          0.9318088390574172,
          0.9542811133874267,
          1.2135532232711796,
          0.932756684636255,
          0.9273139811241425,
          0.9339120178319354,
          7.761781546988631,
          0.9388444990479808,
          0.9311362758429742,
          0.9335390461670984,
          0.9328930060976596,
          0.9310841424800159,
          0.9319590820521982,
          0.9378135244621856,
          0.9327595015054543,
          0.9507548432557273,
          1.0161102988050477,
          0.931811968355283,
          0.9317312335012865,
          0.9403341142921262,
          0.9343443364331795,
          0.9311898113652834,
          0.9318673720750233,
          0.9319296010906157,
          0.0,
          1.3504743606777363,
          0.9660905212851749,
          0.9318688343494143,
          1.0475560381007454,
          0.9322686923874253,
          0.9311686750395801,
          2.885546676352723,
          0.9316537937850462,
          1.0286772396023816,
          2.832877238791014,
          0.9291828444192906,
          0.9317364606981716,
          0.9313029564489739,
          1.4987384183376258,
          0.9355626086838135,
          0.9075968283627438,
          4.946358581749029,
          0.9319294447860194
        ],
        [
          0.9375713611820404,
          0.9386367475525772,
          0.937999103192896,
          0.937550595805048,
          1.8353813589635621,
          0.9363139463925008,
          0.923364434549633,
          0.9372458654533395,
          1.5070159428167442,
          1.130385830453622,
          0.9376067924775837,
          0.9378581143823188,
          0.9375294603778414,
          4.234248415328022,
          0.9379515855244273,
          0.9586097654139684,
          0.9379998303877031,
          0.93865643760569,
          0.938466568082069,
          0.9377143347532017,
          1.1687502935397522,
          0.9399123504962826,
          0.9378849481980348,
          0.9376229963060723,
          0.9375376701638723,
          0.9352525980481529,
          1.3504743606777363,
          0.0,
          0.9389799096570993,
          0.9375398867681247,
          1.3308980193260795,
          0.9374153629660248,
          0.9374087012473391,
          1.0939421338745179,
          0.9378734156664844,
          0.9379579249192511,
          0.9396656131520345,
