Map from character to field name
A:	Algeria
B:	Australia
C:	Austria
D:	Bangladesh
E:	Belgium
F:	Brazil
G:	Canada
H:	Chile
I:	China
J:	Czech Republic
K:	Denmark
L:	Egypt
M:	France
N:	Georgia
O:	Germany
P:	Guatemala
Q:	Hong Kong
R:	Hungary
S:	India
T:	Iran
U:	Italy
V:	Japan
W:	Laos
X:	Malaysia
Y:	Mexico
Z:	Mongolia
[:	Netherlands
\:	Nigeria
]:	Poland
^:	Russia
_:	Singapore
`:	South Africa
a:	South Korea
b:	Spain
c:	Sri Lanka
d:	Sweden
e:	Switzerland
f:	Taiwan
g:	Thailand
h:	United Kingdom
i:	Usa
j:	Vietnam
k:	Zambia
l:	?


Substitution rate (mu): 19.231619

Equilibrium frequencies (pi_i):
  A: 0.0264
  B: 0.0195
  C: 0.028
  D: 0.0264
  E: 0.0286
  F: 0.0237
  G: 0.0045
  H: 0.0174
  I: 0.0178
  J: 0.0286
  K: 0.0274
  L: 0.028
  M: 0.0218
  N: 0.0278
  O: 0.0217
  P: 0.0255
  Q: 0.0145
  R: 0.0285
  S: 0.0241
  T: 0.0283
  U: 0.0243
  V: 0.0199
  W: 0.0276
  X: 0.0245
  Y: 0.0231
  Z: 0.0157
  [: 0.0258
  \: 0.0249
  ]: 0.0285
  ^: 0.0249
  _: 0.0267
  `: 0.0247
  a: 0.0132
  b: 0.0272
  c: 0.0284
  d: 0.0275
  e: 0.0249
  f: 0.0253
  g: 0.026
  h: 0.0129
  i: 0.0128
  j: 0.0174
  k: 0.0254

Symmetrized rates from j->i (W_ij):
	A	B	C	D	E	F	G	H	I	J	K	L	M	N	O	P	Q	R	S	T	U	V	W	X	Y	Z	[	\	]	^	_	`	a	b	c	d	e	f	g	h	i	j	k
  A	0	0.9343	0.9343	0.9341	0.9336	0.9334	0.9303	0.9332	0.9205	0.9343	0.9344	0.9344	0.9346	0.9343	0.9241	0.9347	0.9323	0.9342	0.9342	0.9344	0.9308	1.2436	0.9341	0.9344	0.9323	0.9219	0.9325	0.9345	0.9339	0.934	0.9344	0.9344	0.9286	0.9315	0.9343	0.9343	0.9345	0.9344	0.9305	0.9347	1.112	0.9293	0.9346
  B	0.9343	0	0.9323	0.9328	0.9317	0.9323	0.9823	0.933	1.4667	0.9322	0.9324	0.9324	0.9333	0.9323	0.9276	0.9331	0.9352	0.9321	0.933	0.9324	0.9304	0.9443	0.9324	0.9443	0.9314	1.2974	0.9703	0.9328	0.9319	1.0546	0.9326	0.9327	0.9348	0.9303	0.9322	0.9325	0.9328	0.9327	0.9384	0.9442	2.528	0.9323	0.9329
  C	0.9343	0.9323	0	0.9335	0.9336	0.9325	0.9169	0.9319	0.9177	0.9339	0.9346	0.934	0.9337	0.9339	2.786	0.9341	0.9309	0.9338	0.9337	0.934	1.3964	0.9334	0.9336	0.9339	0.9315	0.9208	0.9321	0.9339	0.935	0.9333	0.9339	0.9338	0.9257	0.9318	0.9339	0.9339	0.9339	0.9337	0.9298	0.9332	0.8738	0.9278	0.934
  D	0.9341	0.9328	0.9335	0	0.9329	0.9323	0.9182	0.9319	1.2175	0.9335	0.9337	0.9339	0.9335	0.9337	0.9235	0.9338	0.9306	0.9334	0.9348	1.0206	0.9301	0.9339	0.9333	0.9337	0.9314	2.5286	0.9601	0.9336	0.9331	1.1731	0.9336	0.9336	1.1127	0.9307	0.9335	0.9338	0.9336	0.9335	0.9301	0.9329	0.9599	1.4262	0.9337
  E	0.9336	0.9317	0.9336	0.9329	0	0.9318	0.9375	1.3728	0.9224	0.9331	0.9341	0.9332	0.9331	0.9331	3.5233	0.9333	0.9327	1.3925	0.933	0.9332	1.2406	0.9328	0.9328	0.9332	0.9308	1.0377	1.6479	0.9332	0.9327	0.9331	0.9331	0.9331	0.9269	1.2185	0.9331	0.9333	0.9332	0.933	0.9292	0.9325	0.8774	0.9277	0.9333
  F	0.9334	0.9323	0.9325	0.9323	0.9318	0	2.4498	1.2469	0.919	0.9324	0.9328	0.9325	0.9328	0.9325	0.9239	0.9332	0.9494	0.9323	0.9325	0.9325	0.9293	0.9334	0.9323	0.9326	1.029	0.9221	0.9309	0.9327	0.9321	0.9324	0.9326	0.9326	1.037	0.9302	0.9325	0.9324	0.9327	0.9325	0.94	0.9325	1.405	0.9281	0.9329
  G	0.9303	0.9823	0.9169	0.9182	0.9375	2.4498	0	2.0712	0.9258	0.9162	1.0745	0.9166	1.0199	0.9166	1.2509	0.9204	2.7262	0.9163	0.9195	0.9163	0.9191	1.5339	0.9167	0.9188	2.9995	0.9228	0.9182	0.9185	0.9161	0.9223	0.9174	0.9186	2.0459	0.9175	0.9163	0.9169	0.9185	0.9248	2.1686	0.9293	33.1637	0.9234	0.9195
  H	0.9332	0.933	0.9319	0.9319	1.3728	1.2469	2.0712	0	0.923	0.9318	0.9321	0.9319	0.9323	0.9319	0.926	0.9326	1.0313	0.9317	0.932	0.9319	0.9533	0.9338	0.9317	0.9321	0.931	0.9247	0.9309	0.9334	0.9315	0.9323	0.932	0.9321	1.0372	0.9301	0.9318	0.9319	0.9321	0.9321	0.9295	1.0132	3.2198	0.9291	0.9323
  I	0.9205	1.4667	0.9177	1.2175	0.9224	0.919	0.9258	0.923	0	0.9166	0.9174	0.9185	1.3828	0.9197	0.9242	0.9215	7.8998	0.9165	1.3837	0.9181	1.3767	2.3543	1.3662	1.3672	0.9197	9.2749	2.0773	0.9188	0.9164	1.1619	1.2887	0.9209	5.0615	0.917	0.9166	1.21	0.9188	0.9189	1.3968	1.057	4.164	6.3662	0.9198
  J	0.9343	0.9322	0.9339	0.9335	0.9331	0.9324	0.9162	0.9318	0.9166	0	0.934	0.934	0.9336	0.9339	0.9228	0.9341	0.9301	0.9338	0.9337	0.934	0.9299	0.9333	0.9336	0.9339	0.9314	0.9206	1.4011	0.9339	0.9334	0.9333	0.9339	0.9338	0.9255	0.9309	0.9339	0.9339	0.9339	0.9337	0.9297	0.9327	0.872	0.9276	0.934
  K	0.9344	0.9324	0.9346	0.9337	0.9341	0.9328	1.0745	0.9321	0.9174	0.934	0	0.9341	0.9339	0.934	1.8539	0.9342	0.9308	0.934	0.9338	0.9341	0.9312	0.9336	0.9337	0.934	0.9319	0.9211	0.9332	0.934	0.9336	0.9334	0.934	0.9339	0.926	0.9332	0.934	0.934	0.934	0.9338	0.9341	0.933	0.8872	0.928	0.9341
  L	0.9344	0.9324	0.934	0.9339	0.9332	0.9325	0.9166	0.9319	0.9185	0.934	0.9341	0	0.9337	0.9341	0.9231	0.9342	0.9302	0.9339	1.0587	0.9341	0.9301	0.9334	0.9337	0.934	0.9316	1.2936	0.9335	0.934	0.9335	0.9338	0.934	0.934	0.9259	0.931	0.934	0.934	0.934	0.9338	0.9299	0.9328	0.8734	0.9284	0.9341
  M	0.9346	0.9333	0.9337	0.9335	0.9331	0.9328	1.0199	0.9323	1.3828	0.9336	0.9339	0.9337	0	0.9337	1.3881	0.9341	1.1537	0.9336	0.9335	0.9337	0.9307	1.0665	0.9335	0.9337	0.932	0.9237	0.9322	0.9337	0.9333	0.9336	0.9337	0.9336	0.9277	0.9317	0.9337	0.9336	0.9341	0.9337	0.9305	0.9332	1.902	0.9293	0.9339
  N	0.9343	0.9323	0.9339	0.9337	0.9331	0.9325	0.9166	0.9319	0.9197	0.9339	0.934	0.9341	0.9337	0	0.9231	0.9341	0.9302	0.9338	0.9338	0.934	0.93	0.9334	0.9336	0.9339	0.9315	1.3391	0.9427	0.9339	0.9334	0.9335	0.9339	0.9338	0.9271	0.9309	0.9339	0.9339	0.9339	0.9337	0.9299	0.9327	0.8736	0.9606	0.934
  O	0.9241	0.9276	2.786	0.9235	3.5233	0.9239	1.2509	0.926	0.9242	0.9228	1.8539	0.9231	1.3881	0.9231	0	0.9244	1.2904	1.3908	0.9244	0.923	4.2063	0.9314	0.923	0.9244	0.9234	0.9203	4.5369	0.9242	0.9226	0.9248	0.9235	0.9242	0.9234	6.0445	0.923	0.9242	0.9243	0.924	1.8494	1.4158	1.3056	0.9229	0.9242
  P	0.9347	0.9331	0.9341	0.9338	0.9333	0.9332	0.9204	0.9326	0.9215	0.9341	0.9342	0.9342	0.9341	0.9341	0.9244	0	1.1533	0.934	0.9379	0.9341	0.9306	0.9341	0.9338	0.9341	0.9321	0.9221	0.9323	0.9342	0.9337	0.9337	0.9341	0.9341	0.9272	0.9315	0.9342	0.934	0.9342	0.934	0.9304	0.9335	1.2245	0.9286	1.0317
  Q	0.9323	0.9352	0.9309	0.9306	0.9327	0.9494	2.7262	1.0313	7.8998	0.9301	0.9308	0.9302	1.1537	0.9302	1.2904	1.1533	0	0.9302	0.9324	0.9302	0.9308	1.1209	0.9302	0.9317	1.0864	0.9269	0.9313	0.9308	0.9299	0.9317	0.9305	0.9308	0.9641	1.067	1.3951	0.9303	0.9308	0.9308	0.9296	0.9343	2.4793	0.9305	0.9669
  R	0.9342	0.9321	0.9338	0.9334	1.3925	0.9323	0.9163	0.9317	0.9165	0.9338	0.934	0.9339	0.9336	0.9338	1.3908	0.934	0.9302	0	0.9336	0.9338	0.9299	0.9332	0.9335	0.9338	0.9314	0.9204	0.9319	0.9338	0.9333	0.9331	0.9338	0.9337	0.9255	0.9322	0.9338	0.9337	0.9338	0.9336	0.9296	0.9326	0.8721	0.9276	0.9339
  S	0.9342	0.933	0.9337	0.9348	0.933	0.9325	0.9195	0.932	1.3837	0.9337	0.9338	1.0587	0.9335	0.9338	0.9244	0.9379	0.9324	0.9336	0	0.9339	0.9304	0.9338	0.9334	0.9337	0.9317	2.6968	0.934	0.9337	0.9333	0.9345	0.9337	0.9337	0.9274	0.9311	0.9337	0.9339	0.9337	0.9336	0.9304	0.9329	1.325	0.9597	0.9376
  T	0.9344	0.9324	0.934	1.0206	0.9332	0.9325	0.9163	0.9319	0.9181	0.934	0.9341	0.9341	0.9337	0.934	0.923	0.9341	0.9302	0.9338	0.9339	0	0.93	0.9334	0.9337	0.9339	0.9315	1.0761	0.9608	0.934	0.9335	1.183	0.934	0.9339	0.9258	0.931	0.934	0.934	0.934	0.9338	0.9299	0.9327	0.8727	0.9283	0.9341
  U	0.9308	0.9304	1.3964	0.9301	1.2406	0.9293	0.9191	0.9533	1.3767	0.9299	0.9312	0.9301	0.9307	0.93	4.2063	0.9306	0.9308	0.9299	0.9304	0.93	0	0.9313	0.9298	0.9305	0.9286	1.0136	1.4367	0.9304	1.3924	0.9307	0.9301	0.9304	0.9253	1.4145	0.9299	1.2701	0.9304	0.9302	0.927	1.2592	1.4964	0.9268	0.9305
  V	1.2436	0.9443	0.9334	0.9339	0.9328	0.9334	1.5339	0.9338	2.3543	0.9333	0.9336	0.9334	1.0665	0.9334	0.9314	0.9341	1.1209	0.9332	0.9338	0.9334	0.9313	0	0.9332	0.9339	0.9325	1.0366	0.9344	0.9337	0.933	0.9353	0.9335	0.9337	1.4182	0.9314	0.9334	0.9334	0.9337	0.9759	0.9309	1.0093	2.422	2.3701	0.9339
  W	0.9341	0.9324	0.9336	0.9333	0.9328	0.9323	0.9167	0.9317	1.3662	0.9336	0.9337	0.9337	0.9335	0.9336	0.923	0.9338	0.9302	0.9335	0.9334	0.9337	0.9298	0.9332	0	0.9338	0.9313	0.9228	0.9318	0.9337	0.9332	0.9331	0.9337	0.9336	0.9316	0.9307	0.9336	0.9336	0.9337	0.9335	0.9296	0.9326	0.8751	0.9279	0.9338
  X	0.9344	0.9443	0.9339	0.9337	0.9332	0.9326	0.9188	0.9321	1.3672	0.9339	0.934	0.934	0.9337	0.9339	0.9244	0.9341	0.9317	0.9338	0.9337	0.9339	0.9305	0.9339	0.9338	0	0.9318	0.9291	0.9325	0.9339	0.9335	0.9336	0.9339	0.9338	0.9302	0.9313	0.9339	0.9339	0.9339	0.9338	0.9303	0.933	1.3245	0.9294	0.934
  Y	0.9323	0.9314	0.9315	0.9314	0.9308	1.029	2.9995	0.931	0.9197	0.9314	0.9319	0.9316	0.932	0.9315	0.9234	0.9321	1.0864	0.9314	0.9317	0.9315	0.9286	0.9325	0.9313	0.9318	0	0.9218	0.9301	0.9318	0.9311	0.9315	0.9316	0.9317	1.0187	0.9293	0.9315	0.9315	0.9318	0.9316	0.9284	0.932	1.4752	0.9275	0.9319
  Z	0.9219	1.2974	0.9208	2.5286	1.0377	0.9221	0.9228	0.9247	9.2749	0.9206	0.9211	1.2936	0.9237	1.3391	0.9203	0.9221	0.9269	0.9204	2.6968	1.0761	1.0136	1.0366	0.9228	0.9291	0.9218	0	4.8136	0.9222	0.9203	3.5291	0.9215	1.3816	3.5136	0.9196	0.9205	1.3897	0.9222	0.9219	1.2507	0.9303	0.9808	7.6418	0.922
  [	0.9325	0.9703	0.9321	0.9601	1.6479	0.9309	0.9182	0.9309	2.0773	1.4011	0.9332	0.9335	0.9322	0.9427	4.5369	0.9323	0.9313	0.9319	0.934	0.9608	1.4367	0.9344	0.9318	0.9325	0.9301	4.8136	0	0.9322	0.9316	2.4146	0.9321	0.9323	1.0181	0.9313	0.9319	1.1592	0.9322	0.932	0.9639	0.9323	0.8829	1.0653	0.9322
  \	0.9345	0.9328	0.9339	0.9336	0.9332	0.9327	0.9185	0.9334	0.9188	0.9339	0.934	0.934	0.9337	0.9339	0.9242	0.9342	0.9308	0.9338	0.9337	0.934	0.9304	0.9337	0.9337	0.9339	0.9318	0.9222	0.9322	0	0.9335	0.9335	0.9339	0.9338	0.9266	0.9313	0.9339	0.9339	0.9339	0.9338	0.9302	0.933	1.3183	0.9285	0.9341
  ]	0.9339	0.9319	0.935	0.9331	0.9327	0.9321	0.9161	0.9315	0.9164	0.9334	0.9336	0.9335	0.9333	0.9334	0.9226	0.9337	0.9299	0.9333	0.9333	0.9335	1.3924	0.933	0.9332	0.9335	0.9311	0.9203	0.9316	0.9335	0	0.9329	0.9335	0.9334	0.9253	0.9305	0.9334	0.9335	0.9335	0.9333	0.9293	0.9326	0.8721	0.9274	0.9336
  ^	0.934	1.0546	0.9333	1.1731	0.9331	0.9324	0.9223	0.9323	1.1619	0.9333	0.9334	0.9338	0.9336	0.9335	0.9248	0.9337	0.9317	0.9331	0.9345	1.183	0.9307	0.9353	0.9331	0.9336	0.9315	3.5291	2.4146	0.9335	0.9329	0	0.9334	0.9336	0.9389	0.9307	0.9333	0.9343	0.9335	0.9333	1.0256	0.9381	1.2189	0.946	0.9336
  _	0.9344	0.9326	0.9339	0.9336	0.9331	0.9326	0.9174	0.932	1.2887	0.9339	0.934	0.934	0.9337	0.9339	0.9235	0.9341	0.9305	0.9338	0.9337	0.934	0.9301	0.9335	0.9337	0.9339	0.9316	0.9215	0.9321	0.9339	0.9335	0.9334	0	0.9338	0.9263	0.9311	0.9339	0.9339	0.9339	0.9337	0.93	0.9328	0.9956	0.9282	0.934
  `	0.9344	0.9327	0.9338	0.9336	0.9331	0.9326	0.9186	0.9321	0.9209	0.9338	0.9339	0.934	0.9336	0.9338	0.9242	0.9341	0.9308	0.9337	0.9337	0.9339	0.9304	0.9337	0.9336	0.9338	0.9317	1.3816	0.9323	0.9338	0.9334	0.9336	0.9338	0	0.9267	0.9312	0.9338	0.9338	0.9338	0.9337	0.9302	0.9329	1.3198	0.9286	0.934
  a	0.9286	0.9348	0.9257	1.1127	0.9269	1.037	2.0459	1.0372	5.0615	0.9255	0.926	0.9259	0.9277	0.9271	0.9234	0.9272	0.9641	0.9255	0.9274	0.9258	0.9253	1.4182	0.9316	0.9302	1.0187	3.5136	1.0181	0.9266	0.9253	0.9389	0.9263	0.9267	0	0.9246	0.9256	0.9262	0.9266	0.9268	0.9563	0.9311	6.2715	4.1534	0.9269
  b	0.9315	0.9303	0.9318	0.9307	1.2185	0.9302	0.9175	0.9301	0.917	0.9309	0.9332	0.931	0.9317	0.9309	6.0445	0.9315	1.067	0.9322	0.9311	0.931	1.4145	0.9314	0.9307	0.9313	0.9293	0.9196	0.9313	0.9313	0.9305	0.9307	0.9311	0.9312	0.9246	0	0.931	0.931	0.9313	0.931	0.9351	0.9317	0.8747	0.9262	0.9313
  c	0.9343	0.9322	0.9339	0.9335	0.9331	0.9325	0.9163	0.9318	0.9166	0.9339	0.934	0.934	0.9337	0.9339	0.923	0.9342	1.3951	0.9338	0.9337	0.934	0.9299	0.9334	0.9336	0.9339	0.9315	0.9205	0.9319	0.9339	0.9334	0.9333	0.9339	0.9338	0.9256	0.931	0	0.9338	0.9339	0.9337	0.9297	0.9327	0.8726	0.9277	0.934
  d	0.9343	0.9325	0.9339	0.9338	0.9333	0.9324	0.9169	0.9319	1.21	0.9339	0.934	0.934	0.9336	0.9339	0.9242	0.934	0.9303	0.9337	0.9339	0.934	1.2701	0.9334	0.9336	0.9339	0.9315	1.3897	1.1592	0.9339	0.9335	0.9343	0.9339	0.9338	0.9262	0.931	0.9338	0	0.9339	0.9337	0.9299	0.9328	0.8745	0.9288	0.934
  e	0.9345	0.9328	0.9339	0.9336	0.9332	0.9327	0.9185	0.9321	0.9188	0.9339	0.934	0.934	0.9341	0.9339	0.9243	0.9342	0.9308	0.9338	0.9337	0.934	0.9304	0.9337	0.9337	0.9339	0.9318	0.9222	0.9322	0.9339	0.9335	0.9335	0.9339	0.9338	0.9266	0.9313	0.9339	0.9339	0	0.9338	0.9302	0.9329	1.3192	0.9285	0.9341
  f	0.9344	0.9327	0.9337	0.9335	0.933	0.9325	0.9248	0.9321	0.9189	0.9337	0.9338	0.9338	0.9337	0.9337	0.924	0.934	0.9308	0.9336	0.9336	0.9338	0.9302	0.9759	0.9335	0.9338	0.9316	0.9219	0.932	0.9338	0.9333	0.9333	0.9337	0.9337	0.9268	0.931	0.9337	0.9337	0.9338	0	0.93	0.933	1.2699	0.9285	0.9339
  g	0.9305	0.9384	0.9298	0.9301	0.9292	0.94	2.1686	0.9295	1.3968	0.9297	0.9341	0.9299	0.9305	0.9299	1.8494	0.9304	0.9296	0.9296	0.9304	0.9299	0.927	0.9309	0.9296	0.9303	0.9284	1.2507	0.9639	0.9302	0.9293	1.0256	0.93	0.9302	0.9563	0.9351	0.9297	0.9299	0.9302	0.93	0	0.9311	1.0104	1.354	0.9303
  h	0.9347	0.9442	0.9332	0.9329	0.9325	0.9325	0.9293	1.0132	1.057	0.9327	0.933	0.9328	0.9332	0.9327	1.4158	0.9335	0.9343	0.9326	0.9329	0.9327	1.2592	1.0093	0.9326	0.933	0.932	0.9303	0.9323	0.933	0.9326	0.9381	0.9328	0.9329	0.9311	0.9317	0.9327	0.9328	0.9329	0.933	0.9311	0	5.3557	0.9313	0.9332
  i	1.112	2.528	0.8738	0.9599	0.8774	1.405	33.1637	3.2198	4.164	0.872	0.8872	0.8734	1.902	0.8736	1.3056	1.2245	2.4793	0.8721	1.325	0.8727	1.4964	2.422	0.8751	1.3245	1.4752	0.9808	0.8829	1.3183	0.8721	1.2189	0.9956	1.3198	6.2715	0.8747	0.8726	0.8745	1.3192	1.2699	1.0104	5.3557	0	1.6832	1.2478
  j	0.9293	0.9323	0.9278	1.4262	0.9277	0.9281	0.9234	0.9291	6.3662	0.9276	0.928	0.9284	0.9293	0.9606	0.9229	0.9286	0.9305	0.9276	0.9597	0.9283	0.9268	2.3701	0.9279	0.9294	0.9275	7.6418	1.0653	0.9285	0.9274	0.946	0.9282	0.9286	4.1534	0.9262	0.9277	0.9288	0.9285	0.9285	1.354	0.9313	1.6832	0	0.9285
  k	0.9346	0.9329	0.934	0.9337	0.9333	0.9329	0.9195	0.9323	0.9198	0.934	0.9341	0.9341	0.9339	0.934	0.9242	1.0317	0.9669	0.9339	0.9376	0.9341	0.9305	0.9339	0.9338	0.934	0.9319	0.922	0.9322	0.9341	0.9336	0.9336	0.934	0.934	0.9269	0.9313	0.934	0.934	0.9341	0.9339	0.9303	0.9332	1.2478	0.9285	0

Actual rates from j->i (Q_ij):
	A	B	C	D	E	F	G	H	I	J	K	L	M	N	O	P	Q	R	S	T	U	V	W	X	Y	Z	[	\	]	^	_	`	a	b	c	d	e	f	g	h	i	j	k
  A	0	0.0247	0.0247	0.0247	0.0247	0.0247	0.0246	0.0247	0.0243	0.0247	0.0247	0.0247	0.0247	0.0247	0.0244	0.0247	0.0247	0.0247	0.0247	0.0247	0.0246	0.0329	0.0247	0.0247	0.0247	0.0244	0.0247	0.0247	0.0247	0.0247	0.0247	0.0247	0.0246	0.0246	0.0247	0.0247	0.0247	0.0247	0.0246	0.0247	0.0294	0.0246	0.0247
  B	0.0182	0	0.0182	0.0182	0.0182	0.0182	0.0191	0.0182	0.0286	0.0182	0.0182	0.0182	0.0182	0.0182	0.0181	0.0182	0.0182	0.0182	0.0182	0.0182	0.0181	0.0184	0.0182	0.0184	0.0181	0.0253	0.0189	0.0182	0.0182	0.0205	0.0182	0.0182	0.0182	0.0181	0.0182	0.0182	0.0182	0.0182	0.0183	0.0184	0.0493	0.0182	0.0182
  C	0.0261	0.0261	0	0.0261	0.0261	0.0261	0.0256	0.0261	0.0257	0.0261	0.0261	0.0261	0.0261	0.0261	0.0779	0.0261	0.026	0.0261	0.0261	0.0261	0.039	0.0261	0.0261	0.0261	0.026	0.0257	0.0261	0.0261	0.0261	0.0261	0.0261	0.0261	0.0259	0.026	0.0261	0.0261	0.0261	0.0261	0.026	0.0261	0.0244	0.0259	0.0261
  D	0.0246	0.0246	0.0246	0	0.0246	0.0246	0.0242	0.0246	0.0321	0.0246	0.0246	0.0246	0.0246	0.0246	0.0243	0.0246	0.0245	0.0246	0.0246	0.0269	0.0245	0.0246	0.0246	0.0246	0.0246	0.0667	0.0253	0.0246	0.0246	0.0309	0.0246	0.0246	0.0293	0.0245	0.0246	0.0246	0.0246	0.0246	0.0245	0.0246	0.0253	0.0376	0.0246
  E	0.0267	0.0267	0.0267	0.0267	0	0.0267	0.0268	0.0393	0.0264	0.0267	0.0267	0.0267	0.0267	0.0267	0.1008	0.0267	0.0267	0.0398	0.0267	0.0267	0.0355	0.0267	0.0267	0.0267	0.0266	0.0297	0.0472	0.0267	0.0267	0.0267	0.0267	0.0267	0.0265	0.0349	0.0267	0.0267	0.0267	0.0267	0.0266	0.0267	0.0251	0.0265	0.0267
  F	0.0221	0.0221	0.0221	0.0221	0.0221	0	0.058	0.0295	0.0218	0.0221	0.0221	0.0221	0.0221	0.0221	0.0219	0.0221	0.0225	0.0221	0.0221	0.0221	0.022	0.0221	0.0221	0.0221	0.0244	0.0218	0.0221	0.0221	0.0221	0.0221	0.0221	0.0221	0.0246	0.022	0.0221	0.0221	0.0221	0.0221	0.0223	0.0221	0.0333	0.022	0.0221
  G	0.0042	0.0045	0.0042	0.0042	0.0043	0.0111	0	0.0094	0.0042	0.0042	0.0049	0.0042	0.0046	0.0042	0.0057	0.0042	0.0124	0.0042	0.0042	0.0042	0.0042	0.007	0.0042	0.0042	0.0136	0.0042	0.0042	0.0042	0.0042	0.0042	0.0042	0.0042	0.0093	0.0042	0.0042	0.0042	0.0042	0.0042	0.0098	0.0042	0.1506	0.0042	0.0042
  H	0.0163	0.0163	0.0163	0.0163	0.0239	0.0218	0.0361	0	0.0161	0.0163	0.0163	0.0163	0.0163	0.0163	0.0162	0.0163	0.018	0.0163	0.0163	0.0163	0.0166	0.0163	0.0163	0.0163	0.0162	0.0161	0.0162	0.0163	0.0163	0.0163	0.0163	0.0163	0.0181	0.0162	0.0163	0.0163	0.0163	0.0163	0.0162	0.0177	0.0562	0.0162	0.0163
  I	0.0164	0.0261	0.0163	0.0217	0.0164	0.0164	0.0165	0.0164	0	0.0163	0.0163	0.0163	0.0246	0.0164	0.0165	0.0164	0.1406	0.0163	0.0246	0.0163	0.0245	0.0419	0.0243	0.0243	0.0164	0.1651	0.037	0.0164	0.0163	0.0207	0.0229	0.0164	0.0901	0.0163	0.0163	0.0215	0.0164	0.0164	0.0249	0.0188	0.0741	0.1133	0.0164
  J	0.0267	0.0266	0.0267	0.0267	0.0267	0.0266	0.0262	0.0266	0.0262	0	0.0267	0.0267	0.0267	0.0267	0.0264	0.0267	0.0266	0.0267	0.0267	0.0267	0.0266	0.0267	0.0267	0.0267	0.0266	0.0263	0.04	0.0267	0.0267	0.0267	0.0267	0.0267	0.0264	0.0266	0.0267	0.0267	0.0267	0.0267	0.0266	0.0267	0.0249	0.0265	0.0267
  K	0.0256	0.0255	0.0256	0.0255	0.0256	0.0255	0.0294	0.0255	0.0251	0.0256	0	0.0256	0.0256	0.0256	0.0507	0.0256	0.0255	0.0256	0.0255	0.0256	0.0255	0.0255	0.0255	0.0256	0.0255	0.0252	0.0255	0.0256	0.0255	0.0255	0.0256	0.0256	0.0253	0.0255	0.0256	0.0256	0.0256	0.0256	0.0256	0.0255	0.0243	0.0254	0.0256
  L	0.0261	0.0261	0.0261	0.0261	0.0261	0.0261	0.0256	0.026	0.0257	0.0261	0.0261	0	0.0261	0.0261	0.0258	0.0261	0.026	0.0261	0.0296	0.0261	0.026	0.0261	0.0261	0.0261	0.026	0.0362	0.0261	0.0261	0.0261	0.0261	0.0261	0.0261	0.0259	0.026	0.0261	0.0261	0.0261	0.0261	0.026	0.0261	0.0244	0.026	0.0261
  M	0.0204	0.0203	0.0203	0.0203	0.0203	0.0203	0.0222	0.0203	0.0301	0.0203	0.0203	0.0203	0	0.0203	0.0302	0.0203	0.0251	0.0203	0.0203	0.0203	0.0203	0.0232	0.0203	0.0203	0.0203	0.0201	0.0203	0.0203	0.0203	0.0203	0.0203	0.0203	0.0202	0.0203	0.0203	0.0203	0.0203	0.0203	0.0203	0.0203	0.0414	0.0202	0.0203
  N	0.026	0.0259	0.026	0.026	0.026	0.0259	0.0255	0.0259	0.0256	0.026	0.026	0.026	0.026	0	0.0257	0.026	0.0259	0.026	0.026	0.026	0.0259	0.026	0.026	0.026	0.0259	0.0373	0.0262	0.026	0.026	0.026	0.026	0.026	0.0258	0.0259	0.026	0.026	0.026	0.026	0.0259	0.026	0.0243	0.0267	0.026
  O	0.02	0.0201	0.0604	0.02	0.0764	0.02	0.0271	0.0201	0.02	0.02	0.0402	0.02	0.0301	0.02	0	0.02	0.028	0.0302	0.02	0.02	0.0912	0.0202	0.02	0.02	0.02	0.02	0.0984	0.02	0.02	0.0201	0.02	0.02	0.02	0.1311	0.02	0.02	0.02	0.02	0.0401	0.0307	0.0283	0.02	0.02
  P	0.0238	0.0238	0.0238	0.0238	0.0238	0.0238	0.0234	0.0237	0.0235	0.0238	0.0238	0.0238	0.0238	0.0238	0.0235	0	0.0294	0.0238	0.0239	0.0238	0.0237	0.0238	0.0238	0.0238	0.0237	0.0235	0.0237	0.0238	0.0238	0.0238	0.0238	0.0238	0.0236	0.0237	0.0238	0.0238	0.0238	0.0238	0.0237	0.0238	0.0312	0.0236	0.0263
  Q	0.0135	0.0136	0.0135	0.0135	0.0135	0.0138	0.0395	0.015	0.1145	0.0135	0.0135	0.0135	0.0167	0.0135	0.0187	0.0167	0	0.0135	0.0135	0.0135	0.0135	0.0163	0.0135	0.0135	0.0158	0.0134	0.0135	0.0135	0.0135	0.0135	0.0135	0.0135	0.014	0.0155	0.0202	0.0135	0.0135	0.0135	0.0135	0.0135	0.0359	0.0135	0.014
  R	0.0267	0.0266	0.0267	0.0266	0.0397	0.0266	0.0262	0.0266	0.0262	0.0267	0.0267	0.0267	0.0266	0.0267	0.0397	0.0267	0.0265	0	0.0266	0.0267	0.0265	0.0266	0.0266	0.0267	0.0266	0.0263	0.0266	0.0267	0.0266	0.0266	0.0267	0.0266	0.0264	0.0266	0.0267	0.0266	0.0267	0.0266	0.0265	0.0266	0.0249	0.0265	0.0267
  S	0.0226	0.0225	0.0225	0.0226	0.0225	0.0225	0.0222	0.0225	0.0334	0.0225	0.0225	0.0256	0.0225	0.0225	0.0223	0.0226	0.0225	0.0225	0	0.0225	0.0225	0.0225	0.0225	0.0225	0.0225	0.0651	0.0225	0.0225	0.0225	0.0226	0.0225	0.0225	0.0224	0.0225	0.0225	0.0225	0.0225	0.0225	0.0225	0.0225	0.032	0.0232	0.0226
  T	0.0265	0.0264	0.0265	0.0289	0.0264	0.0264	0.026	0.0264	0.026	0.0265	0.0265	0.0265	0.0265	0.0265	0.0261	0.0265	0.0264	0.0265	0.0265	0	0.0263	0.0264	0.0265	0.0265	0.0264	0.0305	0.0272	0.0265	0.0264	0.0335	0.0265	0.0265	0.0262	0.0264	0.0265	0.0265	0.0265	0.0265	0.0263	0.0264	0.0247	0.0263	0.0265
  U	0.0226	0.0226	0.0339	0.0226	0.0301	0.0226	0.0223	0.0232	0.0334	0.0226	0.0226	0.0226	0.0226	0.0226	0.1022	0.0226	0.0226	0.0226	0.0226	0.0226	0	0.0226	0.0226	0.0226	0.0226	0.0246	0.0349	0.0226	0.0338	0.0226	0.0226	0.0226	0.0225	0.0344	0.0226	0.0308	0.0226	0.0226	0.0225	0.0306	0.0363	0.0225	0.0226
  V	0.0247	0.0188	0.0185	0.0185	0.0185	0.0185	0.0305	0.0185	0.0468	0.0185	0.0185	0.0185	0.0212	0.0185	0.0185	0.0186	0.0223	0.0185	0.0185	0.0185	0.0185	0	0.0185	0.0185	0.0185	0.0206	0.0186	0.0185	0.0185	0.0186	0.0185	0.0185	0.0282	0.0185	0.0185	0.0185	0.0185	0.0194	0.0185	0.02	0.0481	0.0471	0.0185
  W	0.0258	0.0257	0.0258	0.0258	0.0257	0.0257	0.0253	0.0257	0.0377	0.0258	0.0258	0.0258	0.0258	0.0258	0.0255	0.0258	0.0257	0.0258	0.0258	0.0258	0.0257	0.0257	0	0.0258	0.0257	0.0255	0.0257	0.0258	0.0257	0.0257	0.0258	0.0258	0.0257	0.0257	0.0258	0.0258	0.0258	0.0258	0.0256	0.0257	0.0241	0.0256	0.0258
  X	0.0229	0.0232	0.0229	0.0229	0.0229	0.0229	0.0225	0.0229	0.0335	0.0229	0.0229	0.0229	0.0229	0.0229	0.0227	0.0229	0.0229	0.0229	0.0229	0.0229	0.0228	0.0229	0.0229	0	0.0229	0.0228	0.0229	0.0229	0.0229	0.0229	0.0229	0.0229	0.0228	0.0228	0.0229	0.0229	0.0229	0.0229	0.0228	0.0229	0.0325	0.0228	0.0229
  Y	0.0215	0.0215	0.0215	0.0215	0.0215	0.0238	0.0693	0.0215	0.0212	0.0215	0.0215	0.0215	0.0215	0.0215	0.0213	0.0215	0.0251	0.0215	0.0215	0.0215	0.0215	0.0215	0.0215	0.0215	0	0.0213	0.0215	0.0215	0.0215	0.0215	0.0215	0.0215	0.0235	0.0215	0.0215	0.0215	0.0215	0.0215	0.0214	0.0215	0.0341	0.0214	0.0215
  Z	0.0145	0.0204	0.0145	0.0398	0.0163	0.0145	0.0145	0.0145	0.1459	0.0145	0.0145	0.0203	0.0145	0.0211	0.0145	0.0145	0.0146	0.0145	0.0424	0.0169	0.0159	0.0163	0.0145	0.0146	0.0145	0	0.0757	0.0145	0.0145	0.0555	0.0145	0.0217	0.0553	0.0145	0.0145	0.0219	0.0145	0.0145	0.0197	0.0146	0.0154	0.1202	0.0145
  [	0.0241	0.0251	0.0241	0.0248	0.0425	0.024	0.0237	0.024	0.0536	0.0362	0.0241	0.0241	0.0241	0.0243	0.1171	0.0241	0.024	0.0241	0.0241	0.0248	0.0371	0.0241	0.0241	0.0241	0.024	0.1243	0	0.0241	0.0241	0.0623	0.0241	0.0241	0.0263	0.024	0.0241	0.0299	0.0241	0.0241	0.0249	0.0241	0.0228	0.0275	0.0241
  \	0.0232	0.0232	0.0232	0.0232	0.0232	0.0232	0.0229	0.0232	0.0229	0.0232	0.0232	0.0232	0.0232	0.0232	0.023	0.0232	0.0232	0.0232	0.0232	0.0232	0.0231	0.0232	0.0232	0.0232	0.0232	0.0229	0.0232	0	0.0232	0.0232	0.0232	0.0232	0.0231	0.0232	0.0232	0.0232	0.0232	0.0232	0.0231	0.0232	0.0328	0.0231	0.0232
  ]	0.0266	0.0266	0.0267	0.0266	0.0266	0.0266	0.0261	0.0266	0.0261	0.0266	0.0266	0.0266	0.0266	0.0266	0.0263	0.0266	0.0265	0.0266	0.0266	0.0266	0.0397	0.0266	0.0266	0.0266	0.0265	0.0262	0.0266	0.0266	0	0.0266	0.0266	0.0266	0.0264	0.0265	0.0266	0.0266	0.0266	0.0266	0.0265	0.0266	0.0249	0.0264	0.0266
  ^	0.0232	0.0262	0.0232	0.0292	0.0232	0.0232	0.023	0.0232	0.0289	0.0232	0.0232	0.0232	0.0232	0.0232	0.023	0.0232	0.0232	0.0232	0.0233	0.0294	0.0232	0.0233	0.0232	0.0232	0.0232	0.0878	0.0601	0.0232	0.0232	0	0.0232	0.0232	0.0234	0.0232	0.0232	0.0233	0.0232	0.0232	0.0255	0.0233	0.0303	0.0235	0.0232
  _	0.0249	0.0249	0.0249	0.0249	0.0249	0.0249	0.0245	0.0249	0.0344	0.0249	0.0249	0.0249	0.0249	0.0249	0.0246	0.0249	0.0248	0.0249	0.0249	0.0249	0.0248	0.0249	0.0249	0.0249	0.0249	0.0246	0.0249	0.0249	0.0249	0.0249	0	0.0249	0.0247	0.0248	0.0249	0.0249	0.0249	0.0249	0.0248	0.0249	0.0266	0.0248	0.0249
  `	0.0231	0.0231	0.0231	0.0231	0.0231	0.0231	0.0227	0.0231	0.0228	0.0231	0.0231	0.0231	0.0231	0.0231	0.0229	0.0231	0.023	0.0231	0.0231	0.0231	0.023	0.0231	0.0231	0.0231	0.023	0.0342	0.0231	0.0231	0.0231	0.0231	0.0231	0	0.0229	0.023	0.0231	0.0231	0.0231	0.0231	0.023	0.0231	0.0326	0.023	0.0231
  a	0.0122	0.0123	0.0122	0.0146	0.0122	0.0136	0.0269	0.0137	0.0666	0.0122	0.0122	0.0122	0.0122	0.0122	0.0122	0.0122	0.0127	0.0122	0.0122	0.0122	0.0122	0.0187	0.0123	0.0122	0.0134	0.0462	0.0134	0.0122	0.0122	0.0124	0.0122	0.0122	0	0.0122	0.0122	0.0122	0.0122	0.0122	0.0126	0.0123	0.0825	0.0547	0.0122
  b	0.0253	0.0253	0.0253	0.0253	0.0331	0.0253	0.0249	0.0253	0.0249	0.0253	0.0254	0.0253	0.0253	0.0253	0.1643	0.0253	0.029	0.0253	0.0253	0.0253	0.0385	0.0253	0.0253	0.0253	0.0253	0.025	0.0253	0.0253	0.0253	0.0253	0.0253	0.0253	0.0251	0	0.0253	0.0253	0.0253	0.0253	0.0254	0.0253	0.0238	0.0252	0.0253
  c	0.0265	0.0265	0.0265	0.0265	0.0265	0.0265	0.026	0.0265	0.026	0.0265	0.0265	0.0265	0.0265	0.0265	0.0262	0.0265	0.0396	0.0265	0.0265	0.0265	0.0264	0.0265	0.0265	0.0265	0.0265	0.0262	0.0265	0.0265	0.0265	0.0265	0.0265	0.0265	0.0263	0.0264	0	0.0265	0.0265	0.0265	0.0264	0.0265	0.0248	0.0264	0.0265
  d	0.0257	0.0256	0.0256	0.0256	0.0256	0.0256	0.0252	0.0256	0.0332	0.0256	0.0257	0.0257	0.0256	0.0256	0.0254	0.0257	0.0256	0.0256	0.0256	0.0257	0.0349	0.0256	0.0256	0.0256	0.0256	0.0382	0.0318	0.0256	0.0256	0.0257	0.0256	0.0256	0.0254	0.0256	0.0256	0	0.0256	0.0256	0.0255	0.0256	0.024	0.0255	0.0257
  e	0.0232	0.0232	0.0232	0.0232	0.0232	0.0232	0.0228	0.0232	0.0229	0.0232	0.0232	0.0232	0.0232	0.0232	0.023	0.0232	0.0232	0.0232	0.0232	0.0232	0.0231	0.0232	0.0232	0.0232	0.0232	0.0229	0.0232	0.0232	0.0232	0.0232	0.0232	0.0232	0.023	0.0232	0.0232	0.0232	0	0.0232	0.0231	0.0232	0.0328	0.0231	0.0232
  f	0.0236	0.0236	0.0236	0.0236	0.0236	0.0236	0.0234	0.0235	0.0232	0.0236	0.0236	0.0236	0.0236	0.0236	0.0233	0.0236	0.0235	0.0236	0.0236	0.0236	0.0235	0.0246	0.0236	0.0236	0.0235	0.0233	0.0235	0.0236	0.0236	0.0236	0.0236	0.0236	0.0234	0.0235	0.0236	0.0236	0.0236	0	0.0235	0.0236	0.0321	0.0234	0.0236
  g	0.0242	0.0244	0.0242	0.0242	0.0242	0.0245	0.0565	0.0242	0.0364	0.0242	0.0243	0.0242	0.0242	0.0242	0.0482	0.0242	0.0242	0.0242	0.0242	0.0242	0.0241	0.0242	0.0242	0.0242	0.0242	0.0326	0.0251	0.0242	0.0242	0.0267	0.0242	0.0242	0.0249	0.0244	0.0242	0.0242	0.0242	0.0242	0	0.0242	0.0263	0.0353	0.0242
  h	0.012	0.0122	0.012	0.012	0.012	0.012	0.012	0.013	0.0136	0.012	0.012	0.012	0.012	0.012	0.0182	0.012	0.012	0.012	0.012	0.012	0.0162	0.013	0.012	0.012	0.012	0.012	0.012	0.012	0.012	0.0121	0.012	0.012	0.012	0.012	0.012	0.012	0.012	0.012	0.012	0	0.069	0.012	0.012
  i	0.0143	0.0324	0.0112	0.0123	0.0113	0.018	0.4254	0.0413	0.0534	0.0112	0.0114	0.0112	0.0244	0.0112	0.0167	0.0157	0.0318	0.0112	0.017	0.0112	0.0192	0.0311	0.0112	0.017	0.0189	0.0126	0.0113	0.0169	0.0112	0.0156	0.0128	0.0169	0.0805	0.0112	0.0112	0.0112	0.0169	0.0163	0.013	0.0687	0	0.0216	0.016
  j	0.0162	0.0162	0.0161	0.0248	0.0161	0.0162	0.0161	0.0162	0.1108	0.0161	0.0161	0.0162	0.0162	0.0167	0.0161	0.0162	0.0162	0.0161	0.0167	0.0162	0.0161	0.0412	0.0161	0.0162	0.0161	0.133	0.0185	0.0162	0.0161	0.0165	0.0162	0.0162	0.0723	0.0161	0.0161	0.0162	0.0162	0.0162	0.0236	0.0162	0.0293	0	0.0162
  k	0.0237	0.0237	0.0237	0.0237	0.0237	0.0237	0.0234	0.0237	0.0234	0.0237	0.0237	0.0237	0.0237	0.0237	0.0235	0.0262	0.0246	0.0237	0.0238	0.0237	0.0236	0.0237	0.0237	0.0237	0.0237	0.0234	0.0237	0.0237	0.0237	0.0237	0.0237	0.0237	0.0235	0.0237	0.0237	0.0237	0.0237	0.0237	0.0236	0.0237	0.0317	0.0236	0
