Map from character to field name
A:	Avian
B:	Camel
C:	Canine
D:	Equine
E:	Feline
F:	Mink
G:	Seal
H:	Swine
I:	?


Substitution rate (mu): 1.739217

Equilibrium frequencies (pi_i):
  A: 0.1365
  B: 0.1345
  C: 0.1287
  D: 0.1128
  E: 0.1696
  F: 0.12
  G: 0.1094
  H: 0.0886

Symmetrized rates from j->i (W_ij):
	A	B	C	D	E	F	G	H
  A	0	0.6387	1.28	1.3425	0.586	0.6632	1.365	3.5107
  B	0.6387	0	0.9499	1.4074	0.9728	0.9731	0.9711	0.7284
  C	1.28	0.9499	0	1.3821	2.3593	0.9522	0.9521	1.8191
  D	1.3425	1.4074	1.3821	0	0.9289	0.9416	0.9428	0.7478
  E	0.586	0.9728	2.3593	0.9289	0	0.9726	0.97	1.0251
  F	0.6632	0.9731	0.9522	0.9416	0.9726	0	0.9711	1.4973
  G	1.365	0.9711	0.9521	0.9428	0.97	0.9711	0	0.7634
  H	3.5107	0.7284	1.8191	0.7478	1.0251	1.4973	0.7634	0

Actual rates from j->i (Q_ij):
	A	B	C	D	E	F	G	H
  A	0	0.0872	0.1747	0.1832	0.08	0.0905	0.1863	0.4792
  B	0.0859	0	0.1278	0.1893	0.1309	0.1309	0.1306	0.098
  C	0.1647	0.1222	0	0.1778	0.3036	0.1225	0.1225	0.2341
  D	0.1514	0.1587	0.1559	0	0.1047	0.1062	0.1063	0.0843
  E	0.0994	0.1649	0.4001	0.1575	0	0.1649	0.1645	0.1738
  F	0.0796	0.1168	0.1143	0.113	0.1167	0	0.1165	0.1797
  G	0.1493	0.1062	0.1042	0.1031	0.1061	0.1062	0	0.0835
  H	0.3109	0.0645	0.1611	0.0662	0.0908	0.1326	0.0676	0
