Map from character to field name
A:	Algeria
B:	Argentina
C:	Australia
D:	Austria
E:	Bangladesh
F:	Belgium
G:	Brazil
H:	Canada
I:	Chile
J:	China
K:	Denmark
L:	Egypt
M:	France
N:	Georgia
O:	Germany
P:	Guatemala
Q:	Hong Kong
R:	Hungary
S:	Iceland
T:	India
U:	Iran
V:	Italy
W:	Japan
X:	Laos
Y:	Malaysia
Z:	Mexico
[:	Mongolia
\:	Netherlands
]:	Nigeria
^:	Norway
_:	Pakistan
`:	Poland
a:	Romania
b:	Russia
c:	South Africa
d:	South Korea
e:	Spain
f:	Sri Lanka
g:	Sweden
h:	Switzerland
i:	Taiwan
j:	Thailand
k:	Turkey
l:	United Kingdom
m:	Usa
n:	Vietnam
o:	?


Substitution rate (mu): 21.835165

Equilibrium frequencies (pi_i):
  A: 0.0231
  B: 0.0259
  C: 0.0186
  D: 0.0256
  E: 0.0255
  F: 0.0251
  G: 0.0232
  H: 0.0044
  I: 0.0177
  J: 0.0154
  K: 0.0255
  L: 0.0262
  M: 0.0192
  N: 0.0263
  O: 0.0211
  P: 0.0105
  Q: 0.0154
  R: 0.0263
  S: 0.0259
  T: 0.0226
  U: 0.0262
  V: 0.0253
  W: 0.0168
  X: 0.0259
  Y: 0.0229
  Z: 0.0193
  [: 0.0148
  \: 0.0229
  ]: 0.0264
  ^: 0.0261
  _: 0.0262
  `: 0.0266
  a: 0.0254
  b: 0.0229
  c: 0.0207
  d: 0.0112
  e: 0.0252
  f: 0.0246
  g: 0.0262
  h: 0.0263
  i: 0.0229
  j: 0.0229
  k: 0.0265
  l: 0.0132
  m: 0.0117
  n: 0.0172

Symmetrized rates from j->i (W_ij):
	A	B	C	D	E	F	G	H	I	J	K	L	M	N	O	P	Q	R	S	T	U	V	W	X	Y	Z	[	\	]	^	_	`	a	b	c	d	e	f	g	h	i	j	k	l	m	n
  A	0	0.936	0.9345	0.9358	0.9356	0.9357	0.9348	0.9307	0.9432	0.9219	0.936	0.9359	0.9357	0.9358	0.928	0.9362	0.9341	0.936	0.9358	0.9355	0.9357	0.9338	0.987	0.936	0.9359	0.9345	0.9283	0.9322	0.9359	0.9358	0.9359	0.9355	0.9359	0.935	0.9359	0.9315	0.9336	0.9362	0.9358	0.9359	0.9363	0.9334	0.9358	0.9363	1.2999	0.9306
  B	0.936	0	0.934	0.9358	0.9356	0.9356	0.9346	0.9232	0.9349	1.0167	0.9361	0.9359	0.9357	0.9358	0.9271	0.9461	0.9343	0.936	0.9358	0.9355	0.9357	0.9336	1.2367	0.9361	0.9358	0.9341	0.9284	0.9322	0.9358	0.9358	0.9359	0.9355	0.9359	0.935	0.9358	0.9314	0.9333	1.002	0.9358	0.9359	0.9362	0.9331	0.9358	0.9357	0.91	0.9309
  C	0.9345	0.934	0	0.9337	0.934	0.9368	0.9332	0.9426	0.9351	1.7956	0.9339	0.9337	0.9347	0.9337	0.9291	0.9372	0.9367	0.934	0.9337	0.9342	0.9336	0.9324	0.9359	0.9339	0.9341	0.9337	1.6057	0.9365	0.9337	0.9337	0.9338	0.9334	0.9339	0.9533	0.9345	1.1459	0.9321	0.9344	0.9337	0.9337	0.938	0.9348	0.9337	0.9594	2.2808	1.4976
  D	0.9358	0.9358	0.9337	0	0.9353	0.948	0.9345	0.9231	1.1217	0.9817	0.9364	0.9356	0.9354	0.9356	2.7536	0.9351	0.9338	0.9359	0.9356	0.9352	0.9355	1.2284	0.935	0.9357	0.9356	0.9339	0.9275	0.9318	0.9356	0.9355	0.9357	1.2691	0.9356	0.9346	0.9356	0.9301	1.0069	0.9359	0.9356	1.1163	0.9359	0.9334	0.9356	0.9361	0.8812	0.9299
  E	0.9356	0.9356	0.934	0.9353	0	0.9352	0.9342	0.9227	0.9345	1.3089	0.9356	0.9354	0.9352	0.9354	0.9268	0.9351	0.9337	0.9357	0.9354	0.9353	0.9353	0.9332	0.9352	0.9357	0.9354	0.9338	2.0962	0.9322	0.9354	0.9354	0.9355	0.9351	0.9354	0.9351	0.9354	1.4752	0.9329	0.9358	0.9354	0.9355	0.9359	0.9327	0.9354	0.9354	0.8813	1.2449
  F	0.9357	0.9356	0.9368	0.948	0.9352	0	0.9345	1.3882	0.935	0.923	0.9374	0.9358	0.9356	0.9358	3.6459	0.9357	0.9339	1.4648	0.9354	0.9352	0.9355	2.0719	0.9355	0.9356	0.9356	0.9341	0.9286	2.024	0.9355	0.9356	0.9359	0.9352	0.9355	1.0247	0.9358	0.9316	1.0802	0.9358	0.9356	0.9356	0.9359	1.1599	0.9354	1.0407	0.9301	0.93
  G	0.9348	0.9346	0.9332	0.9345	0.9342	0.9345	0	2.8637	1.2687	0.9205	0.9351	0.9344	0.9345	0.9344	1.1299	0.9348	0.9334	0.9346	0.9344	0.9342	0.9343	0.9325	0.9346	0.9345	0.9346	0.9335	0.9274	0.931	0.9344	0.9344	0.9345	0.9341	0.9345	0.9337	0.9347	0.9302	0.9324	0.9348	0.9344	0.9345	0.9349	0.9325	0.9344	0.9352	1.1427	0.9295
  H	0.9307	0.9232	0.9426	0.9231	0.9227	1.3882	2.8637	0	2.3106	1.231	1.0915	0.9223	0.9266	0.9223	1.5407	1.3997	2.461	0.9225	0.9225	0.9244	0.9223	0.9233	1.9484	0.9225	0.924	3.4484	0.9276	0.9264	0.9223	0.9224	0.9224	0.9221	0.923	0.9249	0.9252	2.3009	0.9238	0.9248	0.9224	0.9223	0.9304	3.231	0.9222	0.9365	30.84	0.936
  I	0.9432	0.9349	0.9351	1.1217	0.9345	0.935	1.2687	2.3106	0	1.2797	0.935	0.9346	0.9353	0.9346	0.9305	0.9374	0.9352	0.9347	0.9346	0.9347	0.9345	1.1801	0.9609	0.9348	0.9349	0.9345	0.93	0.9325	1.4017	0.9346	0.9347	0.9709	0.9348	0.9344	0.9352	0.934	0.9331	0.9353	0.9346	1.0811	0.9357	0.9334	0.9346	0.9374	2.5441	0.9316
  J	0.9219	1.0167	1.7956	0.9817	1.3089	0.923	0.9205	1.231	1.2797	0	0.9205	0.9194	2.1013	0.9443	1.3704	0.9791	6.4577	1.0466	0.9197	1.3801	0.9364	1.0114	1.6729	1.0371	0.9212	0.9471	11.0563	3.3871	0.9188	0.9206	0.9194	0.9257	0.9198	1.4897	0.9245	9.3286	0.9198	1.1413	0.9192	0.9625	1.0785	1.9872	0.9197	1.266	4.224	6.4437
  K	0.936	0.9361	0.9339	0.9364	0.9356	0.9374	0.9351	1.0915	0.935	0.9205	0	0.936	0.9358	0.9359	1.8142	0.9353	0.962	0.9362	0.9359	0.9355	0.9358	0.9353	0.9353	0.936	0.9359	0.9344	0.9275	0.934	0.9359	0.9359	0.936	0.9356	0.9359	0.9349	0.9358	0.9303	1.0705	0.9362	0.9359	0.936	0.9362	1.0212	0.9359	0.936	0.8834	0.9299
  L	0.9359	0.9359	0.9337	0.9356	0.9354	0.9358	0.9344	0.9223	0.9346	0.9194	0.936	0	0.9354	0.9359	0.9273	0.9351	0.9335	0.9361	0.9357	0.9353	0.9357	0.9334	0.9351	0.9359	0.9357	0.9339	0.9274	1.3337	0.9357	0.9358	1.0166	0.9354	0.9358	0.9352	0.9358	0.9301	0.9333	0.936	0.9358	0.9358	0.936	0.933	0.9357	0.9356	0.8793	0.9297
  M	0.9357	0.9357	0.9347	0.9354	0.9352	0.9356	0.9345	0.9266	0.9353	2.1013	0.9358	0.9354	0	0.9354	1.8587	0.9356	0.9349	0.9357	0.9353	0.9385	0.9353	0.9339	0.9358	0.9355	0.9354	0.9343	0.9296	0.933	0.9354	0.9353	0.9354	0.9351	1.3234	0.9348	0.9355	0.9324	0.9337	0.936	0.9353	0.9355	0.9364	0.9338	1.4052	1.0266	1.9835	0.9314
  N	0.9358	0.9358	0.9337	0.9356	0.9354	0.9358	0.9344	0.9223	0.9346	0.9443	0.9359	0.9359	0.9354	0	0.9271	0.9351	0.9336	0.9361	0.9356	0.9353	0.9356	0.9334	0.9351	0.9358	0.9357	0.9339	0.9315	1.8487	0.9357	0.9357	0.9359	0.9353	0.9357	0.9352	0.9357	0.9365	0.9332	0.936	0.9356	0.9357	0.9359	0.9331	0.9357	0.9358	0.8794	0.9299
  O	0.928	0.9271	0.9291	2.7536	0.9268	3.6459	1.1299	1.5407	0.9305	1.3704	1.8142	0.9273	1.8587	0.9271	0	0.932	0.9842	1.3902	0.9269	0.9277	0.9268	3.9841	0.9301	0.927	0.9279	0.9282	0.9247	4.9566	0.9267	0.9269	0.9274	0.9271	0.9272	0.9287	0.9288	0.9289	6.2802	0.9277	0.9268	0.928	0.9284	1.6763	0.9267	1.3324	1.0855	0.9253
  P	0.9362	0.9461	0.9372	0.9351	0.9351	0.9357	0.9348	1.3997	0.9374	0.9791	0.9353	0.9351	0.9356	0.9351	0.932	0	0.9365	0.9352	0.9351	0.9377	0.9351	0.9343	0.984	0.9352	0.9352	0.9348	0.9327	0.9343	0.9351	0.9351	0.9352	0.935	0.9353	0.9351	0.9353	0.9347	0.9341	1.0621	0.9351	0.9352	0.9365	0.9346	0.9351	0.9373	6.9002	0.9338
  Q	0.9341	0.9343	0.9367	0.9338	0.9337	0.9339	0.9334	2.461	0.9352	6.4577	0.962	0.9335	0.9349	0.9336	0.9842	0.9365	0	0.9343	0.9335	0.9339	0.9334	0.9327	0.9366	0.9338	0.9339	0.9627	0.9324	0.9338	0.9334	0.9334	0.9335	0.9333	0.9336	0.934	0.9342	0.9366	0.9325	0.9348	0.9334	0.9337	1.2325	0.9332	0.9334	0.937	1.6778	0.933
  R	0.936	0.936	0.934	0.9359	0.9357	1.4648	0.9346	0.9225	0.9347	1.0466	0.9362	0.9361	0.9357	0.9361	1.3902	0.9352	0.9343	0	0.9358	0.9355	0.9358	0.9346	0.9354	0.936	0.9358	0.934	0.9345	1.2874	0.9358	0.9359	0.9361	0.9355	0.9359	0.9361	0.9359	1.019	0.9342	0.9362	0.9359	0.9359	0.9361	0.9338	0.9358	0.9361	0.8803	0.9311
  S	0.9358	0.9358	0.9337	0.9356	0.9354	0.9354	0.9344	0.9225	0.9346	0.9197	0.9359	0.9357	0.9353	0.9356	0.9269	0.9351	0.9335	0.9358	0	0.9352	0.9355	0.9333	0.935	0.9358	0.9356	0.9339	1.3909	0.9315	0.9356	0.9356	0.9357	0.9353	0.9357	0.9347	0.9356	0.9299	0.9331	0.9359	0.9356	0.9357	0.9359	0.9328	0.9356	0.9355	0.8798	0.9297
  T	0.9355	0.9355	0.9342	0.9352	0.9353	0.9352	0.9342	0.9244	0.9347	1.3801	0.9355	0.9353	0.9385	0.9353	0.9277	0.9377	0.9339	0.9355	0.9352	0	0.9352	0.9333	0.9354	0.9355	0.9353	0.9339	2.2484	0.9321	0.9353	0.9352	0.9353	0.935	0.9353	0.9353	0.9353	0.9311	0.9331	0.9361	0.9352	0.9353	0.9359	0.9329	0.9353	0.9356	1.3323	1.5238
  U	0.9357	0.9357	0.9336	0.9355	0.9353	0.9355	0.9343	0.9223	0.9345	0.9364	0.9358	0.9357	0.9353	0.9356	0.9268	0.9351	0.9334	0.9358	0.9355	0.9352	0	0.9333	0.935	0.9357	0.9356	0.9338	0.9619	1.2239	0.9356	0.9355	0.9357	0.9352	0.9356	1.0543	0.9356	0.933	0.9331	0.9359	0.9356	0.9357	0.9359	0.9328	0.9356	0.9355	0.8793	0.9312
  V	0.9338	0.9336	0.9324	1.2284	0.9332	2.0719	0.9325	0.9233	1.1801	1.0114	0.9353	0.9334	0.9339	0.9334	3.9841	0.9343	0.9327	0.9346	0.9333	0.9333	0.9333	0	0.9337	0.9335	0.9336	0.9323	0.9266	0.9996	0.9334	0.9333	0.9335	1.0067	0.9335	0.9328	0.9338	0.9294	1.7174	0.9339	0.9333	1.1798	0.934	0.9622	0.9333	1.2391	1.0699	0.9286
  W	0.987	1.2367	0.9359	0.935	0.9352	0.9355	0.9346	1.9484	0.9609	1.6729	0.9353	0.9351	0.9358	0.9351	0.9301	0.984	0.9366	0.9354	0.935	0.9354	0.935	0.9337	0	1.2261	0.9352	0.9347	1.1845	1.3958	0.935	0.935	0.9351	0.9347	0.9351	1.1709	0.9355	1.4502	0.9334	1.1299	0.935	0.9351	0.9362	0.9341	0.935	0.9373	2.7434	1.7614
  X	0.936	0.9361	0.9339	0.9357	0.9357	0.9356	0.9345	0.9225	0.9348	1.0371	0.936	0.9359	0.9355	0.9358	0.927	0.9352	0.9338	0.936	0.9358	0.9355	0.9357	0.9335	1.2261	0	0.9358	0.934	0.9436	0.932	0.9358	0.9358	0.9359	0.9355	0.9358	0.935	0.9357	0.9509	0.9333	0.9362	0.9358	0.9359	0.9361	0.933	0.9358	0.9356	0.8805	1.1005
  Y	0.9359	0.9358	0.9341	0.9356	0.9354	0.9356	0.9346	0.924	0.9349	0.9212	0.9359	0.9357	0.9354	0.9357	0.9279	0.9352	0.9339	0.9358	0.9356	0.9353	0.9356	0.9336	0.9352	0.9358	0	0.9341	0.9282	0.932	0.9357	0.9356	0.9358	0.9354	0.9357	0.9348	0.9357	0.9306	0.9335	0.936	0.9356	0.9357	0.936	0.9332	0.9357	0.9357	1.3288	0.9304
  Z	0.9345	0.9341	0.9337	0.9339	0.9338	0.9341	0.9335	3.4484	0.9345	0.9471	0.9344	0.9339	0.9343	0.9339	0.9282	0.9348	0.9627	0.934	0.9339	0.9339	0.9338	0.9323	0.9347	0.934	0.9341	0	0.9286	0.9313	0.9339	0.9339	0.934	0.9336	0.934	0.9334	0.9343	1.0321	0.9321	0.9344	0.9339	0.9339	0.9347	0.9324	0.9339	0.9353	1.9878	0.9321
  [	0.9283	0.9284	1.6057	0.9275	2.0962	0.9286	0.9274	0.9276	0.93	11.0563	0.9275	0.9274	0.9296	0.9315	0.9247	0.9327	0.9324	0.9345	1.3909	2.2484	0.9619	0.9266	1.1845	0.9436	0.9282	0.9286	0	2.9766	0.927	1.0096	0.9274	0.9269	0.9274	3.294	1.0157	2.5328	0.9262	0.9291	0.9271	0.9273	0.9309	1.2888	0.927	0.9325	1.0005	5.7456
  \	0.9322	0.9322	0.9365	0.9318	0.9322	2.024	0.931	0.9264	0.9325	3.3871	0.934	1.3337	0.933	1.8487	4.9566	0.9343	0.9338	1.2874	0.9315	0.9321	1.2239	0.9996	1.3958	0.932	0.932	0.9313	2.9766	0	0.9314	1.3073	1.3704	0.9311	0.9316	3.3539	1.3215	1.4272	1.1798	0.9326	1.3972	0.9316	0.9331	1.2653	0.9314	1.0288	0.9278	1.0792
  ]	0.9359	0.9358	0.9337	0.9356	0.9354	0.9355	0.9344	0.9223	1.4017	0.9188	0.9359	0.9357	0.9354	0.9357	0.9267	0.9351	0.9334	0.9358	0.9356	0.9353	0.9356	0.9334	0.935	0.9358	0.9357	0.9339	0.927	0.9314	0	0.9356	0.9358	0.9354	0.9357	0.9346	0.9356	0.9298	0.9331	0.936	0.9356	0.9358	0.9359	0.9327	0.9357	0.9355	0.8789	0.9295
  ^	0.9358	0.9358	0.9337	0.9355	0.9354	0.9356	0.9344	0.9224	0.9346	0.9206	0.9359	0.9358	0.9353	0.9357	0.9269	0.9351	0.9334	0.9359	0.9356	0.9352	0.9355	0.9333	0.935	0.9358	0.9356	0.9339	1.0096	1.3073	0.9356	0	0.9358	0.9353	0.9357	0.9425	0.938	0.9299	0.9331	0.9359	0.9356	0.9357	0.9359	0.9329	0.9356	0.9356	0.8795	0.9297
  _	0.9359	0.9359	0.9338	0.9357	0.9355	0.9359	0.9345	0.9224	0.9347	0.9194	0.936	1.0166	0.9354	0.9359	0.9274	0.9352	0.9335	0.9361	0.9357	0.9353	0.9357	0.9335	0.9351	0.9359	0.9358	0.934	0.9274	1.3704	0.9358	0.9358	0	0.9354	0.9358	0.9352	0.9358	0.9301	0.9334	0.9361	0.9358	0.9358	0.936	0.933	0.9358	0.9357	0.8794	0.9297
  `	0.9355	0.9355	0.9334	1.2691	0.9351	0.9352	0.9341	0.9221	0.9709	0.9257	0.9356	0.9354	0.9351	0.9353	0.9271	0.935	0.9333	0.9355	0.9353	0.935	0.9352	1.0067	0.9347	0.9355	0.9354	0.9336	0.9269	0.9311	0.9354	0.9353	0.9354	0	0.9354	0.9343	0.9354	0.9296	0.9329	0.9357	0.9353	0.9646	0.9356	0.9324	0.9353	0.9353	0.8785	0.9293
  a	0.9359	0.9359	0.9339	0.9356	0.9354	0.9355	0.9345	0.923	0.9348	0.9198	0.9359	0.9358	1.3234	0.9357	0.9272	0.9353	0.9336	0.9359	0.9357	0.9353	0.9356	0.9335	0.9351	0.9358	0.9357	0.934	0.9274	0.9316	0.9357	0.9357	0.9358	0.9354	0	0.9347	0.9357	0.9302	0.9333	0.936	0.9357	0.9358	0.936	0.9329	0.9357	0.9357	1.0018	0.9298
  b	0.935	0.935	0.9533	0.9346	0.9351	1.0247	0.9337	0.9249	0.9344	1.4897	0.9349	0.9352	0.9348	0.9352	0.9287	0.9351	0.934	0.9361	0.9347	0.9353	1.0543	0.9328	1.1709	0.935	0.9348	0.9334	3.294	3.3539	0.9346	0.9425	0.9352	0.9343	0.9347	0	0.9388	1.0378	0.9328	0.9353	0.9347	0.9347	0.9354	0.9335	0.9346	0.9365	1.3068	1.2528
  c	0.9359	0.9358	0.9345	0.9356	0.9354	0.9358	0.9347	0.9252	0.9352	0.9245	0.9358	0.9358	0.9355	0.9357	0.9288	0.9353	0.9342	0.9359	0.9356	0.9353	0.9356	0.9338	0.9355	0.9357	0.9357	0.9343	1.0157	1.3215	0.9356	0.938	0.9358	0.9354	0.9357	0.9388	0	0.9313	0.9337	0.936	0.9356	0.9357	0.9361	0.9336	0.9356	0.9361	1.7812	0.931
  d	0.9315	0.9314	1.1459	0.9301	1.4752	0.9316	0.9302	2.3009	0.934	9.3286	0.9303	0.9301	0.9324	0.9365	0.9289	0.9347	0.9366	1.019	0.9299	0.9311	0.933	0.9294	1.4502	0.9509	0.9306	1.0321	2.5328	1.4272	0.9298	0.9299	0.9301	0.9296	0.9302	1.0378	0.9313	0	0.9292	0.9325	0.9299	0.93	0.9339	0.9946	0.9297	0.9355	5.536	2.316
  e	0.9336	0.9333	0.9321	1.0069	0.9329	1.0802	0.9324	0.9238	0.9331	0.9198	1.0705	0.9333	0.9337	0.9332	6.2802	0.9341	0.9325	0.9342	0.9331	0.9331	0.9331	1.7174	0.9334	0.9333	0.9335	0.9321	0.9262	1.1798	0.9331	0.9331	0.9334	0.9329	0.9333	0.9328	0.9337	0.9292	0	0.9336	0.9331	0.9333	0.9337	1.1658	0.9331	1.0429	0.8814	0.9282
  f	0.9362	1.002	0.9344	0.9359	0.9358	0.9358	0.9348	0.9248	0.9353	1.1413	0.9362	0.936	0.936	0.936	0.9277	1.0621	0.9348	0.9362	0.9359	0.9361	0.9359	0.9339	1.1299	0.9362	0.936	0.9344	0.9291	0.9326	0.936	0.9359	0.9361	0.9357	0.936	0.9353	0.936	0.9325	0.9336	0	0.9359	0.9361	0.9365	0.9335	0.936	0.9361	1.0261	0.9315
  g	0.9358	0.9358	0.9337	0.9356	0.9354	0.9356	0.9344	0.9224	0.9346	0.9192	0.9359	0.9358	0.9353	0.9356	0.9268	0.9351	0.9334	0.9359	0.9356	0.9352	0.9356	0.9333	0.935	0.9358	0.9356	0.9339	0.9271	1.3972	0.9356	0.9356	0.9358	0.9353	0.9357	0.9347	0.9356	0.9299	0.9331	0.9359	0	0.9357	0.9359	0.9329	0.9356	0.9356	0.8794	0.9296
  h	0.9359	0.9359	0.9337	1.1163	0.9355	0.9356	0.9345	0.9223	1.0811	0.9625	0.936	0.9358	0.9355	0.9357	0.928	0.9352	0.9337	0.9359	0.9357	0.9353	0.9357	1.1798	0.9351	0.9359	0.9357	0.9339	0.9273	0.9316	0.9358	0.9357	0.9358	0.9646	0.9358	0.9347	0.9357	0.93	0.9333	0.9361	0.9357	0	0.936	0.9329	0.9358	0.9357	0.8795	0.9297
  i	0.9363	0.9362	0.938	0.9359	0.9359	0.9359	0.9349	0.9304	0.9357	1.0785	0.9362	0.936	0.9364	0.9359	0.9284	0.9365	1.2325	0.9361	0.9359	0.9359	0.9359	0.934	0.9362	0.9361	0.936	0.9347	0.9309	0.9331	0.9359	0.9359	0.936	0.9356	0.936	0.9354	0.9361	0.9339	0.9337	0.9365	0.9359	0.936	0	0.934	0.9359	0.9429	1.3443	0.9324
  j	0.9334	0.9331	0.9348	0.9334	0.9327	1.1599	0.9325	3.231	0.9334	1.9872	1.0212	0.933	0.9338	0.9331	1.6763	0.9346	0.9332	0.9338	0.9328	0.9329	0.9328	0.9622	0.9341	0.933	0.9332	0.9324	1.2888	1.2653	0.9327	0.9329	0.933	0.9324	0.9329	0.9335	0.9336	0.9946	1.1658	0.9335	0.9329	0.9329	0.934	0	0.9327	1.3722	0.9284	0.9294
  k	0.9358	0.9358	0.9337	0.9356	0.9354	0.9354	0.9344	0.9222	0.9346	0.9197	0.9359	0.9357	1.4052	0.9357	0.9267	0.9351	0.9334	0.9358	0.9356	0.9353	0.9356	0.9333	0.935	0.9358	0.9357	0.9339	0.927	0.9314	0.9357	0.9356	0.9358	0.9353	0.9357	0.9346	0.9356	0.9297	0.9331	0.936	0.9356	0.9358	0.9359	0.9327	0	0.9355	0.8786	0.9295
  l	0.9363	0.9357	0.9594	0.9361	0.9354	1.0407	0.9352	0.9365	0.9374	1.266	0.936	0.9356	1.0266	0.9358	1.3324	0.9373	0.937	0.9361	0.9355	0.9356	0.9355	1.2391	0.9373	0.9356	0.9357	0.9353	0.9325	1.0288	0.9355	0.9356	0.9357	0.9353	0.9357	0.9365	0.9361	0.9355	1.0429	0.9361	0.9356	0.9357	0.9429	1.3722	0.9355	0	4.3995	0.9332
  m	1.2999	0.91	2.2808	0.8812	0.8813	0.9301	1.1427	30.84	2.5441	4.224	0.8834	0.8793	1.9835	0.8794	1.0855	6.9002	1.6778	0.8803	0.8798	1.3323	0.8793	1.0699	2.7434	0.8805	1.3288	1.9878	1.0005	0.9278	0.8789	0.8795	0.8794	0.8785	1.0018	1.3068	1.7812	5.536	0.8814	1.0261	0.8794	0.8795	1.3443	0.9284	0.8786	4.3995	0	1.1595
  n	0.9306	0.9309	1.4976	0.9299	1.2449	0.93	0.9295	0.936	0.9316	6.4437	0.9299	0.9297	0.9314	0.9299	0.9253	0.9338	0.933	0.9311	0.9297	1.5238	0.9312	0.9286	1.7614	1.1005	0.9304	0.9321	5.7456	1.0792	0.9295	0.9297	0.9297	0.9293	0.9298	1.2528	0.931	2.316	0.9282	0.9315	0.9296	0.9297	0.9324	0.9294	0.9295	0.9332	1.1595	0

Actual rates from j->i (Q_ij):
	A	B	C	D	E	F	G	H	I	J	K	L	M	N	O	P	Q	R	S	T	U	V	W	X	Y	Z	[	\	]	^	_	`	a	b	c	d	e	f	g	h	i	j	k	l	m	n
  A	0	0.0216	0.0216	0.0216	0.0216	0.0216	0.0216	0.0215	0.0218	0.0213	0.0216	0.0216	0.0216	0.0216	0.0214	0.0216	0.0216	0.0216	0.0216	0.0216	0.0216	0.0216	0.0228	0.0216	0.0216	0.0216	0.0214	0.0215	0.0216	0.0216	0.0216	0.0216	0.0216	0.0216	0.0216	0.0215	0.0216	0.0216	0.0216	0.0216	0.0216	0.0216	0.0216	0.0216	0.03	0.0215
  B	0.0243	0	0.0242	0.0243	0.0243	0.0243	0.0242	0.0239	0.0243	0.0264	0.0243	0.0243	0.0243	0.0243	0.024	0.0245	0.0242	0.0243	0.0243	0.0243	0.0243	0.0242	0.0321	0.0243	0.0243	0.0242	0.0241	0.0242	0.0243	0.0243	0.0243	0.0243	0.0243	0.0243	0.0243	0.0242	0.0242	0.026	0.0243	0.0243	0.0243	0.0242	0.0243	0.0243	0.0236	0.0241
  C	0.0174	0.0174	0	0.0174	0.0174	0.0174	0.0174	0.0175	0.0174	0.0334	0.0174	0.0174	0.0174	0.0174	0.0173	0.0174	0.0174	0.0174	0.0174	0.0174	0.0174	0.0173	0.0174	0.0174	0.0174	0.0174	0.0299	0.0174	0.0174	0.0174	0.0174	0.0174	0.0174	0.0177	0.0174	0.0213	0.0173	0.0174	0.0174	0.0174	0.0174	0.0174	0.0174	0.0178	0.0424	0.0279
  D	0.0239	0.0239	0.0239	0	0.0239	0.0243	0.0239	0.0236	0.0287	0.0251	0.024	0.0239	0.0239	0.0239	0.0705	0.0239	0.0239	0.0239	0.0239	0.0239	0.0239	0.0314	0.0239	0.0239	0.0239	0.0239	0.0237	0.0238	0.0239	0.0239	0.0239	0.0325	0.0239	0.0239	0.0239	0.0238	0.0258	0.0239	0.0239	0.0286	0.0239	0.0239	0.0239	0.024	0.0225	0.0238
  E	0.0239	0.0239	0.0238	0.0238	0	0.0238	0.0238	0.0235	0.0238	0.0334	0.0239	0.0239	0.0238	0.0238	0.0236	0.0238	0.0238	0.0239	0.0239	0.0238	0.0238	0.0238	0.0238	0.0239	0.0239	0.0238	0.0534	0.0238	0.0238	0.0238	0.0239	0.0238	0.0239	0.0238	0.0239	0.0376	0.0238	0.0239	0.0238	0.0239	0.0239	0.0238	0.0238	0.0238	0.0225	0.0317
  F	0.0235	0.0235	0.0235	0.0238	0.0235	0	0.0234	0.0348	0.0234	0.0231	0.0235	0.0235	0.0235	0.0235	0.0914	0.0235	0.0234	0.0367	0.0235	0.0235	0.0235	0.052	0.0235	0.0235	0.0235	0.0234	0.0233	0.0508	0.0235	0.0235	0.0235	0.0235	0.0235	0.0257	0.0235	0.0234	0.0271	0.0235	0.0235	0.0235	0.0235	0.0291	0.0235	0.0261	0.0233	0.0233
  G	0.0217	0.0217	0.0217	0.0217	0.0217	0.0217	0	0.0665	0.0295	0.0214	0.0217	0.0217	0.0217	0.0217	0.0262	0.0217	0.0217	0.0217	0.0217	0.0217	0.0217	0.0217	0.0217	0.0217	0.0217	0.0217	0.0215	0.0216	0.0217	0.0217	0.0217	0.0217	0.0217	0.0217	0.0217	0.0216	0.0216	0.0217	0.0217	0.0217	0.0217	0.0216	0.0217	0.0217	0.0265	0.0216
  H	0.0041	0.0041	0.0042	0.0041	0.0041	0.0062	0.0127	0	0.0103	0.0055	0.0048	0.0041	0.0041	0.0041	0.0068	0.0062	0.0109	0.0041	0.0041	0.0041	0.0041	0.0041	0.0086	0.0041	0.0041	0.0153	0.0041	0.0041	0.0041	0.0041	0.0041	0.0041	0.0041	0.0041	0.0041	0.0102	0.0041	0.0041	0.0041	0.0041	0.0041	0.0143	0.0041	0.0042	0.1369	0.0042
  I	0.0167	0.0165	0.0165	0.0198	0.0165	0.0165	0.0224	0.0408	0	0.0226	0.0165	0.0165	0.0165	0.0165	0.0164	0.0166	0.0165	0.0165	0.0165	0.0165	0.0165	0.0208	0.017	0.0165	0.0165	0.0165	0.0164	0.0165	0.0248	0.0165	0.0165	0.0171	0.0165	0.0165	0.0165	0.0165	0.0165	0.0165	0.0165	0.0191	0.0165	0.0165	0.0165	0.0166	0.0449	0.0165
  J	0.0142	0.0157	0.0277	0.0151	0.0202	0.0142	0.0142	0.019	0.0197	0	0.0142	0.0142	0.0324	0.0146	0.0211	0.0151	0.0995	0.0161	0.0142	0.0213	0.0144	0.0156	0.0258	0.016	0.0142	0.0146	0.1704	0.0522	0.0142	0.0142	0.0142	0.0143	0.0142	0.023	0.0142	0.1437	0.0142	0.0176	0.0142	0.0148	0.0166	0.0306	0.0142	0.0195	0.0651	0.0993
  K	0.0239	0.0239	0.0238	0.0239	0.0238	0.0239	0.0238	0.0278	0.0238	0.0235	0	0.0239	0.0239	0.0239	0.0462	0.0238	0.0245	0.0239	0.0239	0.0238	0.0239	0.0238	0.0238	0.0239	0.0239	0.0238	0.0236	0.0238	0.0239	0.0239	0.0239	0.0238	0.0239	0.0238	0.0239	0.0237	0.0273	0.0239	0.0239	0.0239	0.0239	0.026	0.0239	0.0239	0.0225	0.0237
  L	0.0245	0.0245	0.0245	0.0245	0.0245	0.0245	0.0245	0.0242	0.0245	0.0241	0.0245	0	0.0245	0.0245	0.0243	0.0245	0.0245	0.0246	0.0245	0.0245	0.0245	0.0245	0.0245	0.0245	0.0245	0.0245	0.0243	0.035	0.0245	0.0245	0.0267	0.0245	0.0245	0.0245	0.0245	0.0244	0.0245	0.0245	0.0245	0.0245	0.0245	0.0245	0.0245	0.0245	0.0231	0.0244
  M	0.0179	0.0179	0.0179	0.0179	0.0179	0.0179	0.0179	0.0178	0.0179	0.0403	0.0179	0.0179	0	0.0179	0.0356	0.0179	0.0179	0.0179	0.0179	0.018	0.0179	0.0179	0.0179	0.0179	0.0179	0.0179	0.0178	0.0179	0.0179	0.0179	0.0179	0.0179	0.0254	0.0179	0.0179	0.0179	0.0179	0.0179	0.0179	0.0179	0.0179	0.0179	0.0269	0.0197	0.038	0.0178
  N	0.0246	0.0246	0.0245	0.0246	0.0246	0.0246	0.0245	0.0242	0.0246	0.0248	0.0246	0.0246	0.0246	0	0.0244	0.0246	0.0245	0.0246	0.0246	0.0246	0.0246	0.0245	0.0246	0.0246	0.0246	0.0245	0.0245	0.0486	0.0246	0.0246	0.0246	0.0246	0.0246	0.0246	0.0246	0.0246	0.0245	0.0246	0.0246	0.0246	0.0246	0.0245	0.0246	0.0246	0.0231	0.0244
  O	0.0196	0.0196	0.0196	0.0582	0.0196	0.0771	0.0239	0.0326	0.0197	0.029	0.0383	0.0196	0.0393	0.0196	0	0.0197	0.0208	0.0294	0.0196	0.0196	0.0196	0.0842	0.0197	0.0196	0.0196	0.0196	0.0195	0.1048	0.0196	0.0196	0.0196	0.0196	0.0196	0.0196	0.0196	0.0196	0.1328	0.0196	0.0196	0.0196	0.0196	0.0354	0.0196	0.0282	0.0229	0.0196
  P	0.0099	0.01	0.0099	0.0099	0.0099	0.0099	0.0099	0.0148	0.0099	0.0103	0.0099	0.0099	0.0099	0.0099	0.0098	0	0.0099	0.0099	0.0099	0.0099	0.0099	0.0099	0.0104	0.0099	0.0099	0.0099	0.0098	0.0099	0.0099	0.0099	0.0099	0.0099	0.0099	0.0099	0.0099	0.0099	0.0099	0.0112	0.0099	0.0099	0.0099	0.0099	0.0099	0.0099	0.0728	0.0099
  Q	0.0144	0.0144	0.0144	0.0144	0.0144	0.0144	0.0144	0.0379	0.0144	0.0995	0.0148	0.0144	0.0144	0.0144	0.0152	0.0144	0	0.0144	0.0144	0.0144	0.0144	0.0144	0.0144	0.0144	0.0144	0.0148	0.0144	0.0144	0.0144	0.0144	0.0144	0.0144	0.0144	0.0144	0.0144	0.0144	0.0144	0.0144	0.0144	0.0144	0.019	0.0144	0.0144	0.0144	0.0258	0.0144
  R	0.0246	0.0246	0.0245	0.0246	0.0246	0.0385	0.0245	0.0242	0.0245	0.0275	0.0246	0.0246	0.0246	0.0246	0.0365	0.0246	0.0245	0	0.0246	0.0246	0.0246	0.0245	0.0246	0.0246	0.0246	0.0245	0.0245	0.0338	0.0246	0.0246	0.0246	0.0246	0.0246	0.0246	0.0246	0.0267	0.0245	0.0246	0.0246	0.0246	0.0246	0.0245	0.0246	0.0246	0.0231	0.0244
  S	0.0243	0.0243	0.0242	0.0243	0.0243	0.0243	0.0242	0.0239	0.0243	0.0239	0.0243	0.0243	0.0243	0.0243	0.0241	0.0243	0.0242	0.0243	0	0.0243	0.0243	0.0242	0.0243	0.0243	0.0243	0.0242	0.0361	0.0242	0.0243	0.0243	0.0243	0.0243	0.0243	0.0243	0.0243	0.0241	0.0242	0.0243	0.0243	0.0243	0.0243	0.0242	0.0243	0.0243	0.0228	0.0241
  T	0.0211	0.0211	0.0211	0.0211	0.0211	0.0211	0.0211	0.0209	0.0211	0.0312	0.0211	0.0211	0.0212	0.0211	0.021	0.0212	0.0211	0.0211	0.0211	0	0.0211	0.0211	0.0211	0.0211	0.0211	0.0211	0.0508	0.0211	0.0211	0.0211	0.0211	0.0211	0.0211	0.0211	0.0211	0.021	0.0211	0.0211	0.0211	0.0211	0.0211	0.0211	0.0211	0.0211	0.0301	0.0344
  U	0.0245	0.0245	0.0245	0.0245	0.0245	0.0245	0.0245	0.0242	0.0245	0.0245	0.0245	0.0245	0.0245	0.0245	0.0243	0.0245	0.0245	0.0245	0.0245	0.0245	0	0.0245	0.0245	0.0245	0.0245	0.0245	0.0252	0.0321	0.0245	0.0245	0.0245	0.0245	0.0245	0.0276	0.0245	0.0244	0.0245	0.0245	0.0245	0.0245	0.0245	0.0244	0.0245	0.0245	0.023	0.0244
  V	0.0236	0.0236	0.0236	0.031	0.0236	0.0524	0.0236	0.0233	0.0298	0.0256	0.0236	0.0236	0.0236	0.0236	0.1007	0.0236	0.0236	0.0236	0.0236	0.0236	0.0236	0	0.0236	0.0236	0.0236	0.0236	0.0234	0.0253	0.0236	0.0236	0.0236	0.0254	0.0236	0.0236	0.0236	0.0235	0.0434	0.0236	0.0236	0.0298	0.0236	0.0243	0.0236	0.0313	0.027	0.0235
  W	0.0166	0.0208	0.0157	0.0157	0.0157	0.0157	0.0157	0.0327	0.0161	0.0281	0.0157	0.0157	0.0157	0.0157	0.0156	0.0165	0.0157	0.0157	0.0157	0.0157	0.0157	0.0157	0	0.0206	0.0157	0.0157	0.0199	0.0235	0.0157	0.0157	0.0157	0.0157	0.0157	0.0197	0.0157	0.0244	0.0157	0.019	0.0157	0.0157	0.0157	0.0157	0.0157	0.0157	0.0461	0.0296
  X	0.0243	0.0243	0.0242	0.0243	0.0243	0.0243	0.0242	0.0239	0.0243	0.0269	0.0243	0.0243	0.0243	0.0243	0.0241	0.0243	0.0242	0.0243	0.0243	0.0243	0.0243	0.0242	0.0318	0	0.0243	0.0242	0.0245	0.0242	0.0243	0.0243	0.0243	0.0243	0.0243	0.0243	0.0243	0.0247	0.0242	0.0243	0.0243	0.0243	0.0243	0.0242	0.0243	0.0243	0.0228	0.0286
  Y	0.0214	0.0214	0.0214	0.0214	0.0214	0.0214	0.0214	0.0212	0.0214	0.0211	0.0214	0.0214	0.0214	0.0214	0.0212	0.0214	0.0214	0.0214	0.0214	0.0214	0.0214	0.0214	0.0214	0.0214	0	0.0214	0.0213	0.0213	0.0214	0.0214	0.0214	0.0214	0.0214	0.0214	0.0214	0.0213	0.0214	0.0214	0.0214	0.0214	0.0214	0.0214	0.0214	0.0214	0.0304	0.0213
  Z	0.018	0.018	0.018	0.018	0.018	0.018	0.018	0.0665	0.018	0.0183	0.018	0.018	0.018	0.018	0.0179	0.018	0.0186	0.018	0.018	0.018	0.018	0.018	0.018	0.018	0.018	0	0.0179	0.018	0.018	0.018	0.018	0.018	0.018	0.018	0.018	0.0199	0.018	0.018	0.018	0.018	0.018	0.018	0.018	0.018	0.0383	0.018
  [	0.0138	0.0138	0.0238	0.0138	0.0311	0.0138	0.0138	0.0138	0.0138	0.1641	0.0138	0.0138	0.0138	0.0138	0.0137	0.0138	0.0138	0.0139	0.0206	0.0334	0.0143	0.0137	0.0176	0.014	0.0138	0.0138	0	0.0442	0.0138	0.015	0.0138	0.0138	0.0138	0.0489	0.0151	0.0376	0.0137	0.0138	0.0138	0.0138	0.0138	0.0191	0.0138	0.0138	0.0148	0.0853
  \	0.0213	0.0213	0.0214	0.0213	0.0213	0.0463	0.0213	0.0212	0.0213	0.0774	0.0213	0.0305	0.0213	0.0422	0.1133	0.0214	0.0213	0.0294	0.0213	0.0213	0.028	0.0228	0.0319	0.0213	0.0213	0.0213	0.068	0	0.0213	0.0299	0.0313	0.0213	0.0213	0.0766	0.0302	0.0326	0.027	0.0213	0.0319	0.0213	0.0213	0.0289	0.0213	0.0235	0.0212	0.0247
  ]	0.0247	0.0247	0.0247	0.0247	0.0247	0.0247	0.0247	0.0244	0.0371	0.0243	0.0247	0.0247	0.0247	0.0247	0.0245	0.0247	0.0247	0.0247	0.0247	0.0247	0.0247	0.0247	0.0247	0.0247	0.0247	0.0247	0.0245	0.0246	0	0.0247	0.0247	0.0247	0.0247	0.0247	0.0247	0.0246	0.0247	0.0247	0.0247	0.0247	0.0247	0.0247	0.0247	0.0247	0.0232	0.0246
  ^	0.0245	0.0245	0.0244	0.0244	0.0244	0.0244	0.0244	0.0241	0.0244	0.0241	0.0245	0.0245	0.0244	0.0244	0.0242	0.0244	0.0244	0.0245	0.0244	0.0244	0.0244	0.0244	0.0244	0.0245	0.0244	0.0244	0.0264	0.0342	0.0244	0	0.0245	0.0244	0.0244	0.0246	0.0245	0.0243	0.0244	0.0245	0.0244	0.0245	0.0245	0.0244	0.0244	0.0244	0.023	0.0243
  _	0.0245	0.0245	0.0245	0.0245	0.0245	0.0245	0.0245	0.0242	0.0245	0.0241	0.0245	0.0266	0.0245	0.0245	0.0243	0.0245	0.0244	0.0245	0.0245	0.0245	0.0245	0.0244	0.0245	0.0245	0.0245	0.0245	0.0243	0.0359	0.0245	0.0245	0	0.0245	0.0245	0.0245	0.0245	0.0244	0.0244	0.0245	0.0245	0.0245	0.0245	0.0244	0.0245	0.0245	0.023	0.0243
  `	0.0249	0.0249	0.0248	0.0337	0.0248	0.0248	0.0248	0.0245	0.0258	0.0246	0.0249	0.0248	0.0248	0.0248	0.0246	0.0248	0.0248	0.0249	0.0248	0.0248	0.0248	0.0267	0.0248	0.0249	0.0248	0.0248	0.0246	0.0247	0.0248	0.0248	0.0248	0	0.0248	0.0248	0.0248	0.0247	0.0248	0.0249	0.0248	0.0256	0.0249	0.0248	0.0248	0.0248	0.0233	0.0247
  a	0.0238	0.0238	0.0238	0.0238	0.0238	0.0238	0.0238	0.0235	0.0238	0.0234	0.0238	0.0238	0.0337	0.0238	0.0236	0.0238	0.0237	0.0238	0.0238	0.0238	0.0238	0.0237	0.0238	0.0238	0.0238	0.0238	0.0236	0.0237	0.0238	0.0238	0.0238	0.0238	0	0.0238	0.0238	0.0237	0.0237	0.0238	0.0238	0.0238	0.0238	0.0237	0.0238	0.0238	0.0255	0.0237
  b	0.0214	0.0214	0.0218	0.0214	0.0214	0.0235	0.0214	0.0212	0.0214	0.0341	0.0214	0.0214	0.0214	0.0214	0.0213	0.0214	0.0214	0.0214	0.0214	0.0214	0.0242	0.0214	0.0268	0.0214	0.0214	0.0214	0.0755	0.0768	0.0214	0.0216	0.0214	0.0214	0.0214	0	0.0215	0.0238	0.0214	0.0214	0.0214	0.0214	0.0214	0.0214	0.0214	0.0215	0.0299	0.0287
  c	0.0194	0.0194	0.0194	0.0194	0.0194	0.0194	0.0194	0.0192	0.0194	0.0192	0.0194	0.0194	0.0194	0.0194	0.0192	0.0194	0.0194	0.0194	0.0194	0.0194	0.0194	0.0193	0.0194	0.0194	0.0194	0.0194	0.021	0.0274	0.0194	0.0194	0.0194	0.0194	0.0194	0.0194	0	0.0193	0.0193	0.0194	0.0194	0.0194	0.0194	0.0193	0.0194	0.0194	0.0369	0.0193
  d	0.0104	0.0104	0.0128	0.0104	0.0165	0.0104	0.0104	0.0258	0.0105	0.1046	0.0104	0.0104	0.0105	0.0105	0.0104	0.0105	0.0105	0.0114	0.0104	0.0104	0.0105	0.0104	0.0163	0.0107	0.0104	0.0116	0.0284	0.016	0.0104	0.0104	0.0104	0.0104	0.0104	0.0116	0.0104	0	0.0104	0.0105	0.0104	0.0104	0.0105	0.0111	0.0104	0.0105	0.0621	0.026
  e	0.0235	0.0235	0.0235	0.0254	0.0235	0.0272	0.0235	0.0233	0.0235	0.0232	0.027	0.0235	0.0235	0.0235	0.1584	0.0236	0.0235	0.0236	0.0235	0.0235	0.0235	0.0433	0.0235	0.0235	0.0235	0.0235	0.0234	0.0298	0.0235	0.0235	0.0235	0.0235	0.0235	0.0235	0.0235	0.0234	0	0.0235	0.0235	0.0235	0.0235	0.0294	0.0235	0.0263	0.0222	0.0234
  f	0.0231	0.0247	0.023	0.023	0.023	0.023	0.023	0.0228	0.023	0.0281	0.0231	0.023	0.023	0.023	0.0228	0.0262	0.023	0.0231	0.023	0.0231	0.023	0.023	0.0278	0.0231	0.023	0.023	0.0229	0.023	0.023	0.023	0.0231	0.023	0.023	0.023	0.023	0.023	0.023	0	0.023	0.0231	0.0231	0.023	0.023	0.0231	0.0253	0.0229
  g	0.0245	0.0245	0.0244	0.0245	0.0245	0.0245	0.0244	0.0241	0.0245	0.0241	0.0245	0.0245	0.0245	0.0245	0.0242	0.0245	0.0244	0.0245	0.0245	0.0245	0.0245	0.0244	0.0245	0.0245	0.0245	0.0244	0.0243	0.0366	0.0245	0.0245	0.0245	0.0245	0.0245	0.0245	0.0245	0.0243	0.0244	0.0245	0	0.0245	0.0245	0.0244	0.0245	0.0245	0.023	0.0243
  h	0.0246	0.0246	0.0246	0.0294	0.0246	0.0246	0.0246	0.0243	0.0284	0.0253	0.0246	0.0246	0.0246	0.0246	0.0244	0.0246	0.0246	0.0246	0.0246	0.0246	0.0246	0.031	0.0246	0.0246	0.0246	0.0246	0.0244	0.0245	0.0246	0.0246	0.0246	0.0254	0.0246	0.0246	0.0246	0.0245	0.0245	0.0246	0.0246	0	0.0246	0.0245	0.0246	0.0246	0.0231	0.0245
  i	0.0214	0.0214	0.0215	0.0214	0.0214	0.0214	0.0214	0.0213	0.0214	0.0247	0.0214	0.0214	0.0214	0.0214	0.0213	0.0214	0.0282	0.0214	0.0214	0.0214	0.0214	0.0214	0.0214	0.0214	0.0214	0.0214	0.0213	0.0214	0.0214	0.0214	0.0214	0.0214	0.0214	0.0214	0.0214	0.0214	0.0214	0.0214	0.0214	0.0214	0	0.0214	0.0214	0.0216	0.0308	0.0213
  j	0.0213	0.0213	0.0214	0.0213	0.0213	0.0265	0.0213	0.0739	0.0213	0.0454	0.0233	0.0213	0.0213	0.0213	0.0383	0.0214	0.0213	0.0213	0.0213	0.0213	0.0213	0.022	0.0214	0.0213	0.0213	0.0213	0.0295	0.0289	0.0213	0.0213	0.0213	0.0213	0.0213	0.0213	0.0213	0.0227	0.0267	0.0213	0.0213	0.0213	0.0214	0	0.0213	0.0314	0.0212	0.0212
  k	0.0248	0.0248	0.0248	0.0248	0.0248	0.0248	0.0248	0.0245	0.0248	0.0244	0.0248	0.0248	0.0373	0.0248	0.0246	0.0248	0.0248	0.0248	0.0248	0.0248	0.0248	0.0248	0.0248	0.0248	0.0248	0.0248	0.0246	0.0247	0.0248	0.0248	0.0248	0.0248	0.0248	0.0248	0.0248	0.0247	0.0248	0.0248	0.0248	0.0248	0.0248	0.0248	0	0.0248	0.0233	0.0247
  l	0.0124	0.0124	0.0127	0.0124	0.0124	0.0138	0.0124	0.0124	0.0124	0.0167	0.0124	0.0124	0.0136	0.0124	0.0176	0.0124	0.0124	0.0124	0.0124	0.0124	0.0124	0.0164	0.0124	0.0124	0.0124	0.0124	0.0123	0.0136	0.0124	0.0124	0.0124	0.0124	0.0124	0.0124	0.0124	0.0124	0.0138	0.0124	0.0124	0.0124	0.0125	0.0182	0.0124	0	0.0582	0.0123
  m	0.0152	0.0107	0.0267	0.0103	0.0103	0.0109	0.0134	0.3612	0.0298	0.0495	0.0103	0.0103	0.0232	0.0103	0.0127	0.0808	0.0197	0.0103	0.0103	0.0156	0.0103	0.0125	0.0321	0.0103	0.0156	0.0233	0.0117	0.0109	0.0103	0.0103	0.0103	0.0103	0.0117	0.0153	0.0209	0.0648	0.0103	0.012	0.0103	0.0103	0.0157	0.0109	0.0103	0.0515	0	0.0136
  n	0.016	0.016	0.0258	0.016	0.0214	0.016	0.016	0.0161	0.016	0.111	0.016	0.016	0.016	0.016	0.0159	0.0161	0.0161	0.016	0.016	0.0262	0.016	0.016	0.0303	0.019	0.016	0.0161	0.099	0.0186	0.016	0.016	0.016	0.016	0.016	0.0216	0.016	0.0399	0.016	0.016	0.016	0.016	0.0161	0.016	0.016	0.0161	0.02	0
