Map from character to field name
A:	Avian
B:	Camel
C:	Canine
D:	Equine
E:	Feline
F:	Mink
G:	Seal
H:	Swine
I:	?


Substitution rate (mu): 2.922392

Equilibrium frequencies (pi_i):
  A: 0.1331
  B: 0.1335
  C: 0.1568
  D: 0.1068
  E: 0.1689
  F: 0.1252
  G: 0.1056
  H: 0.07

Symmetrized rates from j->i (W_ij):
	A	B	C	D	E	F	G	H
  A	0	0.6319	1.1914	1.3118	0.5881	0.6441	1.3413	4.4216
  B	0.6319	0	0.8616	1.2762	0.8765	0.8769	0.8757	0.734
  C	1.1914	0.8616	0	2.5058	2.1435	0.8624	0.8633	1.7711
  D	1.3118	1.2762	2.5058	0	0.8436	0.8521	0.855	0.7483
  E	0.5881	0.8765	2.1435	0.8436	0	0.8764	0.875	1.0552
  F	0.6441	0.8769	0.8624	0.8521	0.8764	0	0.8757	1.8532
  G	1.3413	0.8757	0.8633	0.855	0.875	0.8757	0	0.7594
  H	4.4216	0.734	1.7711	0.7483	1.0552	1.8532	0.7594	0

Actual rates from j->i (Q_ij):
	A	B	C	D	E	F	G	H
  A	0	0.0841	0.1586	0.1746	0.0783	0.0857	0.1785	0.5885
  B	0.0844	0	0.115	0.1704	0.117	0.1171	0.1169	0.098
  C	0.1869	0.1351	0	0.393	0.3362	0.1353	0.1354	0.2778
  D	0.1401	0.1363	0.2675	0	0.0901	0.091	0.0913	0.0799
  E	0.0993	0.1481	0.3621	0.1425	0	0.148	0.1478	0.1782
  F	0.0807	0.1098	0.108	0.1067	0.1097	0	0.1096	0.232
  G	0.1417	0.0925	0.0912	0.0903	0.0924	0.0925	0	0.0802
  H	0.3097	0.0514	0.124	0.0524	0.0739	0.1298	0.0532	0
