Map from character to field name
A:	Argentina
B:	Australia
C:	Austria
D:	Bangladesh
E:	Belgium
F:	Brazil
G:	Canada
H:	Chile
I:	China
J:	Czech Republic
K:	Denmark
L:	Egypt
M:	France
N:	Germany
O:	Guatemala
P:	Hong Kong
Q:	Hungary
R:	Iceland
S:	India
T:	Iran
U:	Italy
V:	Japan
W:	Kazakhstan
X:	Laos
Y:	Malaysia
Z:	Mexico
[:	Mongolia
\:	Netherlands
]:	New Zealand
^:	Nigeria
_:	Pakistan
`:	Peru
a:	Poland
b:	Russia
c:	Singapore
d:	South Africa
e:	South Korea
f:	Spain
g:	Sri Lanka
h:	Taiwan
i:	Thailand
j:	United Kingdom
k:	Usa
l:	Vietnam
m:	Zambia
n:	?


Substitution rate (mu): 22.379543

Equilibrium frequencies (pi_i):
  A: 0.0258
  B: 0.0216
  C: 0.0264
  D: 0.0262
  E: 0.025
  F: 0.0164
  G: 0.0051
  H: 0.0164
  I: 0.0143
  J: 0.026
  K: 0.027
  L: 0.0259
  M: 0.0206
  N: 0.0264
  O: 0.0247
  P: 0.0131
  Q: 0.0265
  R: 0.0267
  S: 0.0241
  T: 0.0259
  U: 0.0256
  V: 0.0199
  W: 0.0258
  X: 0.0271
  Y: 0.0238
  Z: 0.0171
  [: 0.0186
  \: 0.029
  ]: 0.0262
  ^: 0.0238
  _: 0.0271
  `: 0.0217
  a: 0.027
  b: 0.0207
  c: 0.0258
  d: 0.0236
  e: 0.01
  f: 0.0243
  g: 0.0255
  h: 0.0266
  i: 0.0216
  j: 0.0131
  k: 0.0111
  l: 0.0168
  m: 0.0242

Symmetrized rates from j->i (W_ij):
	A	B	C	D	E	F	G	H	I	J	K	L	M	N	O	P	Q	R	S	T	U	V	W	X	Y	Z	[	\	]	^	_	`	a	b	c	d	e	f	g	h	i	j	k	l	m
  A	0	0.9368	0.937	0.9367	0.9365	0.9359	0.9248	1.313	0.9214	0.9377	0.9369	0.9369	0.9365	0.9344	0.9374	0.9337	0.9367	0.9372	0.9365	0.9369	0.9336	0.9372	0.937	0.937	0.937	0.935	0.9315	0.9376	0.9376	0.937	0.9371	0.9369	0.9366	0.9359	0.9369	0.937	0.9297	0.9323	0.9373	0.9367	0.9336	0.9361	1.0627	0.9309	0.9371
  B	0.9368	0	0.937	0.9369	0.9379	0.9376	0.9482	0.9484	1.4874	0.9385	0.9365	0.9371	0.9385	0.935	0.9375	1.4032	0.9368	0.9371	0.9379	0.937	0.9415	1.0199	0.9372	0.9369	0.937	0.9365	0.9724	0.9386	1.1122	0.937	0.9368	0.9372	0.9364	0.9598	0.9372	0.9375	1.2046	0.9335	0.9377	0.9373	0.9375	0.9734	1.7847	0.9444	0.9372
  C	0.937	0.937	0	0.9368	0.9367	0.9357	0.9242	0.9367	1.135	0.938	0.937	0.937	0.9366	0.9346	0.9373	0.9337	0.9368	0.9374	0.9366	0.937	1.3071	0.9372	0.937	0.937	0.937	0.935	0.9318	0.938	0.9378	0.937	0.9372	0.9369	1.0113	0.9363	0.937	0.9371	0.9298	0.9326	0.9373	0.9368	0.9337	0.9362	0.89	0.9311	0.9371
  D	0.9367	0.9369	0.9368	0	0.9364	0.9356	0.9242	0.9366	1.3535	0.9377	0.9366	0.9367	0.9363	0.9341	0.937	0.9334	0.9365	0.9371	0.9363	0.9367	0.9334	0.9371	0.9367	0.9367	0.9367	0.9348	0.9543	0.9376	0.9375	0.9367	0.9369	0.9367	0.9364	0.9361	0.9367	0.9369	0.9584	0.932	0.937	0.9365	0.9333	0.9359	0.8904	1.8391	0.9369
  E	0.9365	0.9379	0.9367	0.9364	0	0.9358	0.9265	0.9369	1.9079	0.9402	0.9367	0.9365	0.9367	2.3203	0.9369	1.0976	1.1998	0.9375	0.9466	0.9364	1.748	0.9383	0.9365	0.9364	0.9365	0.9348	1.2136	1.8354	0.9374	0.9365	0.9371	0.9365	0.9362	1.5257	0.9365	0.9368	0.9344	2.9621	0.9369	0.9363	0.9341	0.9425	1.202	1.042	0.9367
  F	0.9359	0.9376	0.9357	0.9356	0.9358	0	2.0461	1.0099	0.9282	0.9363	0.9356	0.9357	0.9359	1.4533	0.9365	0.9409	0.9356	0.9359	0.9355	0.9357	0.9338	1.0582	0.9357	0.9357	0.9359	1.4469	0.9328	0.9363	0.9361	0.9359	0.9358	0.936	0.9355	0.9356	0.9357	0.936	1.3402	0.9332	0.9363	0.9358	1.2986	0.9364	3.1835	0.9326	0.9361
  G	0.9248	0.9482	0.9242	0.9242	0.9265	2.0461	0	1.4507	0.9425	0.9248	0.9238	0.9244	0.9274	0.9648	0.9281	2.5882	0.9241	0.9241	0.9253	0.9244	0.9245	1.2725	0.9244	0.9238	0.9254	1.825	0.9273	0.9234	0.9244	0.9254	0.9239	0.9527	0.9238	0.9283	0.9244	0.9256	1.5858	0.9243	0.9271	0.9519	0.9857	0.9342	35.0876	0.9303	0.9268
  H	1.313	0.9484	0.9367	0.9366	0.9369	1.0099	1.4507	0	0.9356	0.9373	0.9366	0.9367	0.9374	0.9355	0.9377	1.0154	0.9366	0.9369	0.9366	0.9367	0.9352	0.9994	0.9367	0.9369	0.937	0.9369	0.9339	0.9372	0.9372	0.937	0.9368	0.9372	0.9365	0.937	0.9367	0.9371	0.9662	0.9338	0.9376	0.9368	0.9357	1.4088	3.7522	0.9344	0.9373
  I	0.9214	1.4874	1.135	1.3535	1.9079	0.9282	0.9425	0.9356	0	1.5	0.9207	1.3617	1.6421	0.9234	0.9238	8.5868	1.3584	1.0575	2.5665	1.3502	2.0937	1.9195	1.3822	0.9213	0.9227	0.9266	7.7618	1.507	1.2097	0.9227	0.9361	0.9241	0.9577	5.447	1.3804	1.1344	9.673	1.3843	0.923	0.9235	1.8685	1.2671	3.6496	9.1445	0.9231
  J	0.9377	0.9385	0.938	0.9377	0.9402	0.9363	0.9248	0.9373	1.5	0	0.9377	0.938	0.9375	0.9386	0.9381	0.9547	0.9379	0.9387	0.9384	0.9378	0.9414	0.9395	0.938	0.9378	0.9377	0.9356	0.9388	1.1304	0.9389	0.9377	0.9385	0.9376	0.9375	1.0749	0.938	0.9379	0.9335	0.9335	0.9381	0.9376	0.9347	0.9392	0.8938	0.9353	0.9378
  K	0.9369	0.9365	0.937	0.9366	0.9367	0.9356	0.9238	0.9366	0.9207	0.9377	0	0.9368	0.9364	0.9352	0.9372	0.9331	0.9366	0.9371	0.9363	0.9368	1.3234	0.9369	0.9368	0.9368	0.9368	0.9348	0.9311	0.9376	0.9375	0.9368	0.937	0.9368	0.9366	0.9358	0.9368	0.9369	0.9292	1.0096	0.9371	0.9366	0.934	0.9359	0.8886	0.9304	0.937
  L	0.9369	0.9371	0.937	0.9367	0.9365	0.9357	0.9244	0.9367	1.3617	0.938	0.9368	0	0.9365	0.9344	0.9372	0.9334	0.9367	0.9374	0.9365	0.9369	0.9336	0.9372	0.9369	0.9369	0.9369	0.9349	0.9335	0.9379	0.9378	0.9369	0.9371	0.9368	0.9366	0.9432	0.9369	0.9371	0.9419	0.9322	0.9372	0.9367	0.9335	0.936	0.8908	0.9312	0.9371
  M	0.9365	0.9385	0.9366	0.9363	0.9367	0.9359	0.9274	0.9374	1.6421	0.9375	0.9364	0.9365	0	1.36	0.9371	1.404	0.9364	0.9369	1.0976	0.9364	0.938	0.9383	0.9365	0.9364	0.9365	0.9351	0.9329	0.9375	0.9374	0.9365	0.9366	0.9365	0.9362	0.9365	0.9365	0.9367	0.9318	1.4644	0.937	0.9364	0.9342	0.9363	2.0459	0.9325	0.9368
  N	0.9344	0.935	0.9346	0.9341	2.3203	1.4533	0.9648	0.9355	0.9234	0.9386	0.9352	0.9344	1.36	0	0.935	0.9336	1.0297	0.9346	0.9341	0.9343	2.3287	0.9355	0.9344	0.9343	0.9346	0.9358	0.9311	4.2342	0.935	0.9346	0.9356	0.9348	0.9341	0.9363	0.9344	0.9347	0.9289	5.9043	0.9348	0.9341	0.9317	0.9357	1.2708	0.9293	0.9348
  O	0.9374	0.9375	0.9373	0.937	0.9369	0.9365	0.9281	0.9377	0.9238	0.9381	0.9372	0.9372	0.9371	0.935	0	1.0024	0.9371	0.9376	0.9368	0.9372	0.9341	0.9378	0.9373	0.9373	0.9374	0.9357	0.932	0.938	0.9379	0.9374	0.9374	0.9374	0.937	0.9363	0.9373	0.9374	0.9309	0.9328	1.1569	0.9371	0.9343	0.937	1.1991	0.9314	1.0306
  P	0.9337	1.4032	0.9337	0.9334	1.0976	0.9409	2.5882	1.0154	8.5868	0.9547	0.9331	0.9334	1.404	0.9336	1.0024	0	0.9333	0.9349	0.9345	0.9334	1.4229	1.9423	0.9334	0.9332	0.9342	0.9369	0.9378	0.9586	0.9376	0.9342	0.9333	0.9351	0.9332	1.1115	0.9334	0.935	0.9564	0.9411	1.3736	1.3428	1.3863	1.424	2.9143	0.9981	0.947
  Q	0.9367	0.9368	0.9368	0.9365	1.1998	0.9356	0.9241	0.9366	1.3584	0.9379	0.9366	0.9367	0.9364	1.0297	0.9371	0.9333	0	0.9372	0.9363	0.9366	0.934	0.937	0.9367	0.9367	0.9367	0.9347	0.9328	0.938	0.9375	0.9367	0.9369	0.9367	0.9364	0.9507	0.9367	0.9368	0.9346	1.5924	0.937	0.9365	0.9333	0.9359	0.8897	0.9308	0.9369
  R	0.9372	0.9371	0.9374	0.9371	0.9375	0.9359	0.9241	0.9369	1.0575	0.9387	0.9371	0.9374	0.9369	0.9346	0.9376	0.9349	0.9372	0	0.9376	0.9373	0.9343	0.9377	0.9374	0.9372	0.9372	0.9351	0.9508	0.9387	0.938	0.9372	0.9374	0.9371	0.9369	1.2813	0.9374	0.9374	0.9341	0.9325	0.9375	0.937	0.934	0.9362	0.8898	0.9349	0.9374
  S	0.9365	0.9379	0.9366	0.9363	0.9466	0.9355	0.9253	0.9366	2.5665	0.9384	0.9363	0.9365	1.0976	0.9341	0.9368	0.9345	0.9363	0.9376	0	0.9364	0.9337	0.9376	0.9365	0.9364	0.9365	0.9348	1.0161	0.9385	0.9378	0.9365	0.9367	0.9365	0.9362	1.4838	0.9365	0.9368	0.9324	0.9322	0.9367	0.9363	0.9335	0.9361	0.8948	0.9499	0.9366
  T	0.9369	0.937	0.937	0.9367	0.9364	0.9357	0.9244	0.9367	1.3502	0.9378	0.9368	0.9369	0.9364	0.9343	0.9372	0.9334	0.9366	0.9373	0.9364	0	0.9336	0.9371	0.9369	0.9369	0.9369	0.9349	0.9318	0.9377	0.9377	0.9369	0.937	0.9368	0.9366	0.9372	0.9369	0.937	0.959	0.9322	0.9372	0.9367	0.9335	0.9359	0.8908	0.9315	0.937
  U	0.9336	0.9415	1.3071	0.9334	1.748	0.9338	0.9245	0.9352	2.0937	0.9414	1.3234	0.9336	0.938	2.3287	0.9341	1.4229	0.934	0.9343	0.9337	0.9336	0	0.9505	0.9336	0.9334	0.9338	0.9328	0.9317	1.1688	0.9349	0.9338	0.9338	0.934	1.2962	1.0195	0.9336	0.9341	0.9535	3.7394	0.934	0.9335	1.3895	1.8746	0.9031	0.9306	0.934
  V	0.9372	1.0199	0.9372	0.9371	0.9383	1.0582	1.2725	0.9994	1.9195	0.9395	0.9369	0.9372	0.9383	0.9355	0.9378	1.9423	0.937	0.9377	0.9376	0.9371	0.9505	0	0.9372	1.4067	0.9372	0.96	0.9403	0.9399	0.9385	0.9372	0.9371	0.9374	0.9368	0.9952	0.9372	0.9377	1.5696	0.9339	0.9377	0.9373	0.9366	1.0457	2.0343	1.8803	0.9374
  W	0.937	0.9372	0.937	0.9367	0.9365	0.9357	0.9244	0.9367	1.3822	0.938	0.9368	0.9369	0.9365	0.9344	0.9373	0.9334	0.9367	0.9374	0.9365	0.9369	0.9336	0.9372	0	0.9369	0.9369	0.9349	0.9343	0.9379	0.9379	0.9369	0.9371	0.9369	0.9366	0.9362	0.9369	0.9371	0.9298	0.9323	0.9372	0.9367	0.9336	0.936	0.8909	0.9309	0.9371
  X	0.937	0.9369	0.937	0.9367	0.9364	0.9357	0.9238	0.9369	0.9213	0.9378	0.9368	0.9369	0.9364	0.9343	0.9373	0.9332	0.9367	0.9372	0.9364	0.9369	0.9334	1.4067	0.9369	0	0.9369	0.9349	0.9312	0.9376	0.9376	0.9369	0.9371	0.9369	0.9366	0.936	0.9369	0.937	0.9297	0.932	0.9372	0.9367	0.9334	0.936	0.8889	0.9305	0.9371
  Y	0.937	0.937	0.937	0.9367	0.9365	0.9359	0.9254	0.937	0.9227	0.9377	0.9368	0.9369	0.9365	0.9346	0.9374	0.9342	0.9367	0.9372	0.9365	0.9369	0.9338	0.9372	0.9369	0.9369	0	0.9351	0.9319	0.9375	0.9375	0.9369	0.9371	0.9369	0.9366	0.936	0.9369	0.937	0.9301	0.9326	0.9373	0.9367	0.9338	0.9361	1.3404	0.9313	0.9371
  Z	0.935	0.9365	0.935	0.9348	0.9348	1.4469	1.825	0.9369	0.9266	0.9356	0.9348	0.9349	0.9351	0.9358	0.9357	0.9369	0.9347	0.9351	0.9348	0.9349	0.9328	0.96	0.9349	0.9349	0.9351	0	0.9319	0.9353	0.9354	0.9351	0.935	0.9352	0.9347	0.9349	0.9349	0.9352	0.9317	0.932	0.9356	0.9349	0.9333	0.9356	3.2173	0.9318	0.9354
  [	0.9315	0.9724	0.9318	0.9543	1.2136	0.9328	0.9273	0.9339	7.7618	0.9388	0.9311	0.9335	0.9329	0.9311	0.932	0.9378	0.9328	0.9508	1.0161	0.9318	0.9317	0.9403	0.9343	0.9312	0.9319	0.9319	0	1.3505	0.9661	0.9319	1.0476	0.9323	0.9312	2.8855	0.9317	1.0287	2.8329	0.9292	0.9317	0.9313	1.4987	0.9356	0.9076	4.9464	0.9319
  \	0.9376	0.9386	0.938	0.9376	1.8354	0.9363	0.9234	0.9372	1.507	1.1304	0.9376	0.9379	0.9375	4.2342	0.938	0.9586	0.938	0.9387	0.9385	0.9377	1.1688	0.9399	0.9379	0.9376	0.9375	0.9353	1.3505	0	0.939	0.9375	1.3309	0.9374	0.9374	1.0939	0.9379	0.938	0.9397	0.936	0.938	0.9374	0.9346	0.9432	0.8901	0.9369	0.9377
  ]	0.9376	1.1122	0.9378	0.9375	0.9374	0.9361	0.9244	0.9372	1.2097	0.9389	0.9375	0.9378	0.9374	0.935	0.9379	0.9376	0.9375	0.938	0.9378	0.9377	0.9349	0.9385	0.9379	0.9376	0.9375	0.9354	0.9661	0.939	0	0.9375	0.9378	0.9374	0.9373	0.9388	0.9379	0.9378	0.934	0.9331	0.9378	0.9374	0.9346	0.9364	0.8921	0.9358	0.9377
  ^	0.937	0.937	0.937	0.9367	0.9365	0.9359	0.9254	0.937	0.9227	0.9377	0.9368	0.9369	0.9365	0.9346	0.9374	0.9342	0.9367	0.9372	0.9365	0.9369	0.9338	0.9372	0.9369	0.9369	0.9369	0.9351	0.9319	0.9375	0.9375	0	0.9371	0.9369	0.9366	0.936	0.9369	0.937	0.9301	0.9326	0.9373	0.9367	0.9338	0.9361	1.3404	0.9313	0.9371
  _	0.9371	0.9368	0.9372	0.9369	0.9371	0.9358	0.9239	0.9368	0.9361	0.9385	0.937	0.9371	0.9366	0.9356	0.9374	0.9333	0.9369	0.9374	0.9367	0.937	0.9338	0.9371	0.9371	0.9371	0.9371	0.935	1.0476	1.3309	0.9378	0.9371	0	0.937	0.9368	0.9373	0.9371	0.9372	0.9298	0.9322	0.9374	0.9369	0.9337	0.936	0.8887	0.9318	0.9372
  `	0.9369	0.9372	0.9369	0.9367	0.9365	0.936	0.9527	0.9372	0.9241	0.9376	0.9368	0.9368	0.9365	0.9348	0.9374	0.9351	0.9367	0.9371	0.9365	0.9368	0.934	0.9374	0.9369	0.9369	0.9369	0.9352	0.9323	0.9374	0.9374	0.9369	0.937	0	0.9366	0.9361	0.9369	0.9369	0.9307	0.9329	0.9373	0.9367	0.9341	0.9362	1.7692	0.9318	0.9371
  a	0.9366	0.9364	1.0113	0.9364	0.9362	0.9355	0.9238	0.9365	0.9577	0.9375	0.9366	0.9366	0.9362	0.9341	0.937	0.9332	0.9364	0.9369	0.9362	0.9366	1.2962	0.9368	0.9366	0.9366	0.9366	0.9347	0.9312	0.9374	0.9373	0.9366	0.9368	0.9366	0	0.9358	0.9366	0.9367	0.9293	0.932	0.9369	0.9364	0.9332	0.9359	0.8886	0.9305	0.9368
  b	0.9359	0.9598	0.9363	0.9361	1.5257	0.9356	0.9283	0.937	5.447	1.0749	0.9358	0.9432	0.9365	0.9363	0.9363	1.1115	0.9507	1.2813	1.4838	0.9372	1.0195	0.9952	0.9362	0.936	0.936	0.9349	2.8855	1.0939	0.9388	0.936	0.9373	0.9361	0.9358	0	0.9362	0.938	1.0014	0.9337	0.9362	0.9359	0.935	1.033	0.9302	1.3235	0.9361
  c	0.9369	0.9372	0.937	0.9367	0.9365	0.9357	0.9244	0.9367	1.3804	0.938	0.9368	0.9369	0.9365	0.9344	0.9373	0.9334	0.9367	0.9374	0.9365	0.9369	0.9336	0.9372	0.9369	0.9369	0.9369	0.9349	0.9317	0.9379	0.9379	0.9369	0.9371	0.9369	0.9366	0.9362	0	0.9371	0.9297	0.9322	0.9372	0.9367	0.9336	0.936	0.8919	0.9308	0.9371
  d	0.937	0.9375	0.9371	0.9369	0.9368	0.936	0.9256	0.9371	1.1344	0.9379	0.9369	0.9371	0.9367	0.9347	0.9374	0.935	0.9368	0.9374	0.9368	0.937	0.9341	0.9377	0.9371	0.937	0.937	0.9352	1.0287	0.938	0.9378	0.937	0.9372	0.9369	0.9367	0.938	0.9371	0	1.0937	0.9328	0.9374	0.9368	0.9342	0.9362	1.3425	0.9366	0.9372
  e	0.9297	1.2046	0.9298	0.9584	0.9344	1.3402	1.5858	0.9662	9.673	0.9335	0.9292	0.9419	0.9318	0.9289	0.9309	0.9564	0.9346	0.9341	0.9324	0.959	0.9535	1.5696	0.9298	0.9297	0.9301	0.9317	2.8329	0.9397	0.934	0.9301	0.9298	0.9307	0.9293	1.0014	0.9297	1.0937	0	0.9286	0.9305	0.9295	1.0658	0.94	7.8145	2.3753	0.9306
  f	0.9323	0.9335	0.9326	0.932	2.9621	0.9332	0.9243	0.9338	1.3843	0.9335	1.0096	0.9322	1.4644	5.9043	0.9328	0.9411	1.5924	0.9325	0.9322	0.9322	3.7394	0.9339	0.9323	0.932	0.9326	0.932	0.9292	0.936	0.9331	0.9326	0.9322	0.9329	0.932	0.9337	0.9322	0.9328	0.9286	0	0.9326	0.9319	0.9402	0.9406	0.8924	0.9285	0.9327
  g	0.9373	0.9377	0.9373	0.937	0.9369	0.9363	0.9271	0.9376	0.923	0.9381	0.9371	0.9372	0.937	0.9348	1.1569	1.3736	0.937	0.9375	0.9367	0.9372	0.934	0.9377	0.9372	0.9372	0.9373	0.9356	0.9317	0.938	0.9378	0.9373	0.9374	0.9373	0.9369	0.9362	0.9372	0.9374	0.9305	0.9326	0	0.9372	0.9343	0.9368	1.0294	0.9312	0.9781
  h	0.9367	0.9373	0.9368	0.9365	0.9363	0.9358	0.9519	0.9368	0.9235	0.9376	0.9366	0.9367	0.9364	0.9341	0.9371	1.3428	0.9365	0.937	0.9363	0.9367	0.9335	0.9373	0.9367	0.9367	0.9367	0.9349	0.9313	0.9374	0.9374	0.9367	0.9369	0.9367	0.9364	0.9359	0.9367	0.9368	0.9295	0.9319	0.9372	0	0.9612	0.936	0.8988	0.9307	0.9369
  i	0.9336	0.9375	0.9337	0.9333	0.9341	1.2986	0.9857	0.9357	1.8685	0.9347	0.934	0.9335	0.9342	0.9317	0.9343	1.3863	0.9333	0.934	0.9335	0.9335	1.3895	0.9366	0.9336	0.9334	0.9338	0.9333	1.4987	0.9346	0.9346	0.9338	0.9337	0.9341	0.9332	0.935	0.9336	0.9342	1.0658	0.9402	0.9343	0.9612	0	0.9353	1.8829	1.1601	0.9341
  j	0.9361	0.9734	0.9362	0.9359	0.9425	0.9364	0.9342	1.4088	1.2671	0.9392	0.9359	0.936	0.9363	0.9357	0.937	1.424	0.9359	0.9362	0.9361	0.9359	1.8746	1.0457	0.936	0.936	0.9361	0.9356	0.9356	0.9432	0.9364	0.9361	0.936	0.9362	0.9359	1.033	0.936	0.9362	0.94	0.9406	0.9368	0.936	0.9353	0	5.1769	0.9362	0.9365
  k	1.0627	1.7847	0.89	0.8904	1.202	3.1835	35.0876	3.7522	3.6496	0.8938	0.8886	0.8908	2.0459	1.2708	1.1991	2.9143	0.8897	0.8898	0.8948	0.8908	0.9031	2.0343	0.8909	0.8889	1.3404	3.2173	0.9076	0.8901	0.8921	1.3404	0.8887	1.7692	0.8886	0.9302	0.8919	1.3425	7.8145	0.8924	1.0294	0.8988	1.8829	5.1769	0	1.2974	1.2921
  l	0.9309	0.9444	0.9311	1.8391	1.042	0.9326	0.9303	0.9344	9.1445	0.9353	0.9304	0.9312	0.9325	0.9293	0.9314	0.9981	0.9308	0.9349	0.9499	0.9315	0.9306	1.8803	0.9309	0.9305	0.9313	0.9318	4.9464	0.9369	0.9358	0.9313	0.9318	0.9318	0.9305	1.3235	0.9308	0.9366	2.3753	0.9285	0.9312	0.9307	1.1601	0.9362	1.2974	0	0.9314
  m	0.9371	0.9372	0.9371	0.9369	0.9367	0.9361	0.9268	0.9373	0.9231	0.9378	0.937	0.9371	0.9368	0.9348	1.0306	0.947	0.9369	0.9374	0.9366	0.937	0.934	0.9374	0.9371	0.9371	0.9371	0.9354	0.9319	0.9377	0.9377	0.9371	0.9372	0.9371	0.9368	0.9361	0.9371	0.9372	0.9306	0.9327	0.9781	0.9369	0.9341	0.9365	1.2921	0.9314	0

Actual rates from j->i (Q_ij):
	A	B	C	D	E	F	G	H	I	J	K	L	M	N	O	P	Q	R	S	T	U	V	W	X	Y	Z	[	\	]	^	_	`	a	b	c	d	e	f	g	h	i	j	k	l	m
  A	0	0.0241	0.0241	0.0241	0.0241	0.0241	0.0238	0.0338	0.0237	0.0242	0.0241	0.0241	0.0241	0.0241	0.0241	0.024	0.0241	0.0241	0.0241	0.0241	0.024	0.0241	0.0241	0.0241	0.0241	0.0241	0.024	0.0241	0.0241	0.0241	0.0241	0.0241	0.0241	0.0241	0.0241	0.0241	0.0239	0.024	0.0241	0.0241	0.024	0.0241	0.0274	0.024	0.0241
  B	0.0203	0	0.0203	0.0203	0.0203	0.0203	0.0205	0.0205	0.0322	0.0203	0.0202	0.0203	0.0203	0.0202	0.0203	0.0303	0.0203	0.0203	0.0203	0.0203	0.0204	0.0221	0.0203	0.0203	0.0203	0.0202	0.021	0.0203	0.024	0.0203	0.0203	0.0203	0.0202	0.0208	0.0203	0.0203	0.026	0.0202	0.0203	0.0203	0.0203	0.021	0.0386	0.0204	0.0203
  C	0.0247	0.0247	0	0.0247	0.0247	0.0247	0.0244	0.0247	0.0299	0.0247	0.0247	0.0247	0.0247	0.0246	0.0247	0.0246	0.0247	0.0247	0.0247	0.0247	0.0344	0.0247	0.0247	0.0247	0.0247	0.0246	0.0246	0.0247	0.0247	0.0247	0.0247	0.0247	0.0267	0.0247	0.0247	0.0247	0.0245	0.0246	0.0247	0.0247	0.0246	0.0247	0.0235	0.0245	0.0247
  D	0.0245	0.0245	0.0245	0	0.0245	0.0245	0.0242	0.0245	0.0354	0.0245	0.0245	0.0245	0.0245	0.0244	0.0245	0.0244	0.0245	0.0245	0.0245	0.0245	0.0244	0.0245	0.0245	0.0245	0.0245	0.0245	0.025	0.0245	0.0245	0.0245	0.0245	0.0245	0.0245	0.0245	0.0245	0.0245	0.0251	0.0244	0.0245	0.0245	0.0244	0.0245	0.0233	0.0481	0.0245
  E	0.0234	0.0235	0.0234	0.0234	0	0.0234	0.0232	0.0234	0.0477	0.0235	0.0234	0.0234	0.0234	0.058	0.0234	0.0274	0.03	0.0234	0.0237	0.0234	0.0437	0.0235	0.0234	0.0234	0.0234	0.0234	0.0303	0.0459	0.0234	0.0234	0.0234	0.0234	0.0234	0.0382	0.0234	0.0234	0.0234	0.0741	0.0234	0.0234	0.0234	0.0236	0.0301	0.0261	0.0234
  F	0.0153	0.0154	0.0153	0.0153	0.0153	0	0.0335	0.0165	0.0152	0.0153	0.0153	0.0153	0.0153	0.0238	0.0153	0.0154	0.0153	0.0153	0.0153	0.0153	0.0153	0.0173	0.0153	0.0153	0.0153	0.0237	0.0153	0.0153	0.0153	0.0153	0.0153	0.0153	0.0153	0.0153	0.0153	0.0153	0.0219	0.0153	0.0153	0.0153	0.0213	0.0153	0.0521	0.0153	0.0153
  G	0.0047	0.0048	0.0047	0.0047	0.0047	0.0104	0	0.0074	0.0048	0.0047	0.0047	0.0047	0.0047	0.0049	0.0047	0.0132	0.0047	0.0047	0.0047	0.0047	0.0047	0.0065	0.0047	0.0047	0.0047	0.0093	0.0047	0.0047	0.0047	0.0047	0.0047	0.0048	0.0047	0.0047	0.0047	0.0047	0.0081	0.0047	0.0047	0.0048	0.005	0.0047	0.1783	0.0047	0.0047
  H	0.0215	0.0156	0.0154	0.0154	0.0154	0.0166	0.0238	0	0.0153	0.0154	0.0154	0.0154	0.0154	0.0153	0.0154	0.0167	0.0154	0.0154	0.0154	0.0154	0.0153	0.0164	0.0154	0.0154	0.0154	0.0154	0.0153	0.0154	0.0154	0.0154	0.0154	0.0154	0.0154	0.0154	0.0154	0.0154	0.0158	0.0153	0.0154	0.0154	0.0153	0.0231	0.0616	0.0153	0.0154
  I	0.0132	0.0212	0.0162	0.0193	0.0273	0.0133	0.0135	0.0134	0	0.0214	0.0132	0.0194	0.0235	0.0132	0.0132	0.1226	0.0194	0.0151	0.0367	0.0193	0.0299	0.0274	0.0197	0.0132	0.0132	0.0132	0.1109	0.0215	0.0173	0.0132	0.0134	0.0132	0.0137	0.0778	0.0197	0.0162	0.1382	0.0198	0.0132	0.0132	0.0267	0.0181	0.0521	0.1306	0.0132
  J	0.0243	0.0244	0.0243	0.0243	0.0244	0.0243	0.024	0.0243	0.0389	0	0.0243	0.0243	0.0243	0.0244	0.0244	0.0248	0.0243	0.0244	0.0244	0.0243	0.0244	0.0244	0.0243	0.0243	0.0243	0.0243	0.0244	0.0293	0.0244	0.0243	0.0244	0.0243	0.0243	0.0279	0.0243	0.0243	0.0242	0.0242	0.0244	0.0243	0.0243	0.0244	0.0232	0.0243	0.0243
  K	0.0253	0.0253	0.0253	0.0253	0.0253	0.0253	0.0249	0.0253	0.0249	0.0253	0	0.0253	0.0253	0.0253	0.0253	0.0252	0.0253	0.0253	0.0253	0.0253	0.0357	0.0253	0.0253	0.0253	0.0253	0.0252	0.0251	0.0253	0.0253	0.0253	0.0253	0.0253	0.0253	0.0253	0.0253	0.0253	0.0251	0.0273	0.0253	0.0253	0.0252	0.0253	0.024	0.0251	0.0253
  L	0.0242	0.0242	0.0242	0.0242	0.0242	0.0242	0.0239	0.0242	0.0352	0.0243	0.0242	0	0.0242	0.0242	0.0243	0.0242	0.0242	0.0243	0.0242	0.0242	0.0242	0.0243	0.0242	0.0242	0.0242	0.0242	0.0242	0.0243	0.0243	0.0242	0.0242	0.0242	0.0242	0.0244	0.0242	0.0242	0.0244	0.0241	0.0243	0.0242	0.0242	0.0242	0.0231	0.0241	0.0242
  M	0.0193	0.0193	0.0193	0.0193	0.0193	0.0193	0.0191	0.0193	0.0338	0.0193	0.0193	0.0193	0	0.028	0.0193	0.0289	0.0193	0.0193	0.0226	0.0193	0.0193	0.0193	0.0193	0.0193	0.0193	0.0192	0.0192	0.0193	0.0193	0.0193	0.0193	0.0193	0.0193	0.0193	0.0193	0.0193	0.0192	0.0301	0.0193	0.0193	0.0192	0.0193	0.0421	0.0192	0.0193
  N	0.0247	0.0247	0.0247	0.0247	0.0613	0.0384	0.0255	0.0247	0.0244	0.0248	0.0247	0.0247	0.0359	0	0.0247	0.0247	0.0272	0.0247	0.0247	0.0247	0.0616	0.0247	0.0247	0.0247	0.0247	0.0247	0.0246	0.1119	0.0247	0.0247	0.0247	0.0247	0.0247	0.0247	0.0247	0.0247	0.0246	0.1561	0.0247	0.0247	0.0246	0.0247	0.0336	0.0246	0.0247
  O	0.0232	0.0232	0.0232	0.0232	0.0232	0.0232	0.023	0.0232	0.0229	0.0232	0.0232	0.0232	0.0232	0.0231	0	0.0248	0.0232	0.0232	0.0232	0.0232	0.0231	0.0232	0.0232	0.0232	0.0232	0.0232	0.0231	0.0232	0.0232	0.0232	0.0232	0.0232	0.0232	0.0232	0.0232	0.0232	0.023	0.0231	0.0286	0.0232	0.0231	0.0232	0.0297	0.023	0.0255
  P	0.0122	0.0183	0.0122	0.0122	0.0143	0.0123	0.0338	0.0133	0.1121	0.0125	0.0122	0.0122	0.0183	0.0122	0.0131	0	0.0122	0.0122	0.0122	0.0122	0.0186	0.0254	0.0122	0.0122	0.0122	0.0122	0.0122	0.0125	0.0122	0.0122	0.0122	0.0122	0.0122	0.0145	0.0122	0.0122	0.0125	0.0123	0.0179	0.0175	0.0181	0.0186	0.038	0.013	0.0124
  Q	0.0248	0.0248	0.0248	0.0248	0.0318	0.0248	0.0245	0.0248	0.036	0.0249	0.0248	0.0248	0.0248	0.0273	0.0248	0.0247	0	0.0248	0.0248	0.0248	0.0248	0.0248	0.0248	0.0248	0.0248	0.0248	0.0247	0.0249	0.0249	0.0248	0.0248	0.0248	0.0248	0.0252	0.0248	0.0248	0.0248	0.0422	0.0248	0.0248	0.0247	0.0248	0.0236	0.0247	0.0248
  R	0.025	0.025	0.025	0.025	0.025	0.0249	0.0246	0.025	0.0282	0.025	0.025	0.025	0.025	0.0249	0.025	0.0249	0.025	0	0.025	0.025	0.0249	0.025	0.025	0.025	0.025	0.0249	0.0253	0.025	0.025	0.025	0.025	0.025	0.025	0.0342	0.025	0.025	0.0249	0.0249	0.025	0.025	0.0249	0.025	0.0237	0.0249	0.025
  S	0.0225	0.0226	0.0226	0.0225	0.0228	0.0225	0.0223	0.0226	0.0618	0.0226	0.0225	0.0226	0.0264	0.0225	0.0226	0.0225	0.0225	0.0226	0	0.0225	0.0225	0.0226	0.0225	0.0225	0.0225	0.0225	0.0245	0.0226	0.0226	0.0225	0.0226	0.0225	0.0225	0.0357	0.0225	0.0226	0.0225	0.0224	0.0226	0.0225	0.0225	0.0225	0.0215	0.0229	0.0226
  T	0.0243	0.0243	0.0243	0.0243	0.0243	0.0242	0.0239	0.0243	0.035	0.0243	0.0243	0.0243	0.0243	0.0242	0.0243	0.0242	0.0243	0.0243	0.0243	0	0.0242	0.0243	0.0243	0.0243	0.0243	0.0242	0.0241	0.0243	0.0243	0.0243	0.0243	0.0243	0.0243	0.0243	0.0243	0.0243	0.0248	0.0241	0.0243	0.0243	0.0242	0.0242	0.0231	0.0241	0.0243
  U	0.0239	0.0241	0.0335	0.0239	0.0448	0.0239	0.0237	0.024	0.0537	0.0241	0.0339	0.0239	0.024	0.0597	0.0239	0.0365	0.0239	0.024	0.0239	0.0239	0	0.0244	0.0239	0.0239	0.0239	0.0239	0.0239	0.03	0.024	0.0239	0.0239	0.0239	0.0332	0.0261	0.0239	0.024	0.0244	0.0959	0.0239	0.0239	0.0356	0.0481	0.0232	0.0239	0.0239
  V	0.0186	0.0203	0.0186	0.0186	0.0186	0.021	0.0253	0.0198	0.0381	0.0187	0.0186	0.0186	0.0186	0.0186	0.0186	0.0386	0.0186	0.0186	0.0186	0.0186	0.0189	0	0.0186	0.0279	0.0186	0.0191	0.0187	0.0187	0.0186	0.0186	0.0186	0.0186	0.0186	0.0198	0.0186	0.0186	0.0312	0.0185	0.0186	0.0186	0.0186	0.0208	0.0404	0.0373	0.0186
  W	0.0242	0.0242	0.0242	0.0242	0.0242	0.0242	0.0239	0.0242	0.0357	0.0242	0.0242	0.0242	0.0242	0.0241	0.0242	0.0241	0.0242	0.0242	0.0242	0.0242	0.0241	0.0242	0	0.0242	0.0242	0.0242	0.0241	0.0242	0.0242	0.0242	0.0242	0.0242	0.0242	0.0242	0.0242	0.0242	0.024	0.0241	0.0242	0.0242	0.0241	0.0242	0.023	0.024	0.0242
  X	0.0254	0.0254	0.0254	0.0254	0.0254	0.0254	0.025	0.0254	0.025	0.0254	0.0254	0.0254	0.0254	0.0253	0.0254	0.0253	0.0254	0.0254	0.0254	0.0254	0.0253	0.0381	0.0254	0	0.0254	0.0253	0.0252	0.0254	0.0254	0.0254	0.0254	0.0254	0.0254	0.0254	0.0254	0.0254	0.0252	0.0253	0.0254	0.0254	0.0253	0.0254	0.0241	0.0252	0.0254
  Y	0.0223	0.0223	0.0223	0.0223	0.0223	0.0223	0.0221	0.0223	0.022	0.0224	0.0223	0.0223	0.0223	0.0223	0.0223	0.0223	0.0223	0.0223	0.0223	0.0223	0.0223	0.0223	0.0223	0.0223	0	0.0223	0.0222	0.0223	0.0223	0.0223	0.0223	0.0223	0.0223	0.0223	0.0223	0.0223	0.0222	0.0222	0.0223	0.0223	0.0223	0.0223	0.032	0.0222	0.0223
  Z	0.016	0.0161	0.016	0.016	0.016	0.0248	0.0313	0.0161	0.0159	0.016	0.016	0.016	0.016	0.016	0.016	0.0161	0.016	0.016	0.016	0.016	0.016	0.0165	0.016	0.016	0.016	0	0.016	0.016	0.016	0.016	0.016	0.016	0.016	0.016	0.016	0.016	0.016	0.016	0.016	0.016	0.016	0.016	0.0552	0.016	0.016
  [	0.0173	0.0181	0.0173	0.0177	0.0226	0.0173	0.0172	0.0174	0.1443	0.0175	0.0173	0.0174	0.0173	0.0173	0.0173	0.0174	0.0173	0.0177	0.0189	0.0173	0.0173	0.0175	0.0174	0.0173	0.0173	0.0173	0	0.0251	0.018	0.0173	0.0195	0.0173	0.0173	0.0536	0.0173	0.0191	0.0527	0.0173	0.0173	0.0173	0.0279	0.0174	0.0169	0.092	0.0173
  \	0.0272	0.0272	0.0272	0.0272	0.0532	0.0271	0.0267	0.0272	0.0437	0.0327	0.0272	0.0272	0.0272	0.1227	0.0272	0.0278	0.0272	0.0272	0.0272	0.0272	0.0339	0.0272	0.0272	0.0272	0.0272	0.0271	0.0391	0	0.0272	0.0272	0.0386	0.0272	0.0272	0.0317	0.0272	0.0272	0.0272	0.0271	0.0272	0.0272	0.0271	0.0273	0.0258	0.0271	0.0272
  ]	0.0246	0.0292	0.0246	0.0246	0.0246	0.0245	0.0242	0.0246	0.0317	0.0246	0.0246	0.0246	0.0246	0.0245	0.0246	0.0246	0.0246	0.0246	0.0246	0.0246	0.0245	0.0246	0.0246	0.0246	0.0246	0.0245	0.0253	0.0246	0	0.0246	0.0246	0.0246	0.0246	0.0246	0.0246	0.0246	0.0245	0.0245	0.0246	0.0246	0.0245	0.0245	0.0234	0.0245	0.0246
  ^	0.0223	0.0223	0.0223	0.0223	0.0223	0.0223	0.0221	0.0223	0.022	0.0224	0.0223	0.0223	0.0223	0.0223	0.0223	0.0223	0.0223	0.0223	0.0223	0.0223	0.0223	0.0223	0.0223	0.0223	0.0223	0.0223	0.0222	0.0223	0.0223	0	0.0223	0.0223	0.0223	0.0223	0.0223	0.0223	0.0222	0.0222	0.0223	0.0223	0.0223	0.0223	0.032	0.0222	0.0223
  _	0.0254	0.0253	0.0254	0.0253	0.0254	0.0253	0.025	0.0253	0.0253	0.0254	0.0254	0.0254	0.0253	0.0253	0.0254	0.0253	0.0253	0.0254	0.0253	0.0254	0.0253	0.0254	0.0254	0.0254	0.0254	0.0253	0.0283	0.036	0.0254	0.0254	0	0.0254	0.0253	0.0254	0.0254	0.0254	0.0252	0.0252	0.0254	0.0253	0.0253	0.0253	0.024	0.0252	0.0254
  `	0.0204	0.0204	0.0204	0.0204	0.0203	0.0203	0.0207	0.0204	0.0201	0.0204	0.0204	0.0204	0.0203	0.0203	0.0204	0.0203	0.0204	0.0204	0.0203	0.0204	0.0203	0.0204	0.0204	0.0204	0.0204	0.0203	0.0203	0.0204	0.0204	0.0204	0.0204	0	0.0204	0.0203	0.0204	0.0204	0.0202	0.0203	0.0204	0.0204	0.0203	0.0203	0.0384	0.0202	0.0204
  a	0.0253	0.0253	0.0273	0.0253	0.0253	0.0252	0.0249	0.0253	0.0259	0.0253	0.0253	0.0253	0.0253	0.0252	0.0253	0.0252	0.0253	0.0253	0.0253	0.0253	0.035	0.0253	0.0253	0.0253	0.0253	0.0252	0.0251	0.0253	0.0253	0.0253	0.0253	0.0253	0	0.0253	0.0253	0.0253	0.0251	0.0252	0.0253	0.0253	0.0252	0.0253	0.024	0.0251	0.0253
  b	0.0194	0.0198	0.0194	0.0194	0.0316	0.0193	0.0192	0.0194	0.1127	0.0222	0.0194	0.0195	0.0194	0.0194	0.0194	0.023	0.0197	0.0265	0.0307	0.0194	0.0211	0.0206	0.0194	0.0194	0.0194	0.0193	0.0597	0.0226	0.0194	0.0194	0.0194	0.0194	0.0194	0	0.0194	0.0194	0.0207	0.0193	0.0194	0.0194	0.0193	0.0214	0.0192	0.0274	0.0194
  c	0.0242	0.0242	0.0242	0.0242	0.0242	0.0242	0.0239	0.0242	0.0357	0.0242	0.0242	0.0242	0.0242	0.0241	0.0242	0.0241	0.0242	0.0242	0.0242	0.0242	0.0241	0.0242	0.0242	0.0242	0.0242	0.0242	0.0241	0.0242	0.0242	0.0242	0.0242	0.0242	0.0242	0.0242	0	0.0242	0.024	0.0241	0.0242	0.0242	0.0241	0.0242	0.023	0.024	0.0242
  d	0.0221	0.0221	0.0221	0.0221	0.0221	0.0221	0.0218	0.0221	0.0268	0.0221	0.0221	0.0221	0.0221	0.0221	0.0221	0.0221	0.0221	0.0221	0.0221	0.0221	0.022	0.0221	0.0221	0.0221	0.0221	0.0221	0.0243	0.0221	0.0221	0.0221	0.0221	0.0221	0.0221	0.0221	0.0221	0	0.0258	0.022	0.0221	0.0221	0.022	0.0221	0.0317	0.0221	0.0221
  e	0.0093	0.0121	0.0093	0.0096	0.0094	0.0135	0.0159	0.0097	0.0972	0.0094	0.0093	0.0095	0.0094	0.0093	0.0094	0.0096	0.0094	0.0094	0.0094	0.0096	0.0096	0.0158	0.0093	0.0093	0.0093	0.0094	0.0285	0.0094	0.0094	0.0093	0.0093	0.0094	0.0093	0.0101	0.0093	0.011	0	0.0093	0.0093	0.0093	0.0107	0.0094	0.0785	0.0239	0.0093
  f	0.0227	0.0227	0.0227	0.0227	0.0721	0.0227	0.0225	0.0227	0.0337	0.0227	0.0246	0.0227	0.0357	0.1437	0.0227	0.0229	0.0388	0.0227	0.0227	0.0227	0.091	0.0227	0.0227	0.0227	0.0227	0.0227	0.0226	0.0228	0.0227	0.0227	0.0227	0.0227	0.0227	0.0227	0.0227	0.0227	0.0226	0	0.0227	0.0227	0.0229	0.0229	0.0217	0.0226	0.0227
  g	0.0239	0.024	0.0239	0.0239	0.0239	0.0239	0.0237	0.0239	0.0236	0.024	0.0239	0.0239	0.0239	0.0239	0.0295	0.0351	0.0239	0.0239	0.0239	0.0239	0.0239	0.024	0.0239	0.0239	0.0239	0.0239	0.0238	0.024	0.024	0.0239	0.0239	0.0239	0.0239	0.0239	0.0239	0.0239	0.0238	0.0238	0	0.0239	0.0239	0.0239	0.0263	0.0238	0.025
  h	0.0249	0.0249	0.0249	0.0249	0.0249	0.0249	0.0253	0.0249	0.0246	0.025	0.0249	0.0249	0.0249	0.0249	0.0249	0.0357	0.0249	0.0249	0.0249	0.0249	0.0248	0.0249	0.0249	0.0249	0.0249	0.0249	0.0248	0.0249	0.0249	0.0249	0.0249	0.0249	0.0249	0.0249	0.0249	0.0249	0.0247	0.0248	0.0249	0	0.0256	0.0249	0.0239	0.0248	0.0249
  i	0.0201	0.0202	0.0202	0.0201	0.0202	0.028	0.0213	0.0202	0.0403	0.0202	0.0202	0.0201	0.0202	0.0201	0.0202	0.0299	0.0201	0.0202	0.0201	0.0201	0.03	0.0202	0.0201	0.0201	0.0202	0.0201	0.0323	0.0202	0.0202	0.0202	0.0202	0.0202	0.0201	0.0202	0.0201	0.0202	0.023	0.0203	0.0202	0.0207	0	0.0202	0.0406	0.025	0.0202
  j	0.0122	0.0127	0.0122	0.0122	0.0123	0.0122	0.0122	0.0184	0.0166	0.0123	0.0122	0.0122	0.0122	0.0122	0.0123	0.0186	0.0122	0.0122	0.0122	0.0122	0.0245	0.0137	0.0122	0.0122	0.0122	0.0122	0.0122	0.0123	0.0122	0.0122	0.0122	0.0122	0.0122	0.0135	0.0122	0.0122	0.0123	0.0123	0.0123	0.0122	0.0122	0	0.0677	0.0122	0.0122
  k	0.0118	0.0198	0.0099	0.0099	0.0133	0.0353	0.3895	0.0417	0.0405	0.0099	0.0099	0.0099	0.0227	0.0141	0.0133	0.0324	0.0099	0.0099	0.0099	0.0099	0.01	0.0226	0.0099	0.0099	0.0149	0.0357	0.0101	0.0099	0.0099	0.0149	0.0099	0.0196	0.0099	0.0103	0.0099	0.0149	0.0868	0.0099	0.0114	0.01	0.0209	0.0575	0	0.0144	0.0143
  l	0.0156	0.0158	0.0156	0.0308	0.0175	0.0156	0.0156	0.0157	0.1533	0.0157	0.0156	0.0156	0.0156	0.0156	0.0156	0.0167	0.0156	0.0157	0.0159	0.0156	0.0156	0.0315	0.0156	0.0156	0.0156	0.0156	0.0829	0.0157	0.0157	0.0156	0.0156	0.0156	0.0156	0.0222	0.0156	0.0157	0.0398	0.0156	0.0156	0.0156	0.0195	0.0157	0.0218	0	0.0156
  m	0.0226	0.0226	0.0226	0.0226	0.0226	0.0226	0.0224	0.0226	0.0223	0.0227	0.0226	0.0226	0.0226	0.0226	0.0249	0.0229	0.0226	0.0226	0.0226	0.0226	0.0226	0.0226	0.0226	0.0226	0.0226	0.0226	0.0225	0.0226	0.0226	0.0226	0.0226	0.0226	0.0226	0.0226	0.0226	0.0226	0.0225	0.0225	0.0236	0.0226	0.0226	0.0226	0.0312	0.0225	0
