{
  "generated_by": {
    "program": "augur",
    "version": "21.1.0"
  },
  "models": {
    "country": {
      "alphabet": [
        "Argentina",
        "Australia",
        "Bangladesh",
        "Belgium",
        "Brazil",
        "Bulgaria",
        "Canada",
        "Chile",
        "China",
        "Czech Republic",
        "Denmark",
        "Egypt",
        "Finland",
        "France",
        "Georgia",
        "Germany",
        "Guatemala",
        "Hong Kong",
        "Hungary",
        "India",
        "Iran",
        "Ireland",
        "Italy",
        "Japan",
        "Kazakhstan",
        "Malaysia",
        "Mexico",
        "Mongolia",
        "Netherlands",
        "Nigeria",
        "Norway",
        "Peru",
        "Poland",
        "Russia",
        "South Africa",
        "South Korea",
        "Spain",
        "Sri Lanka",
        "Sweden",
        "Switzerland",
        "Taiwan",
        "Thailand",
        "United Arab Emirates",
        "United Kingdom",
        "Usa",
        "Vietnam",
        "Zambia",
        "?"
      ],
      "equilibrium_probabilities": [
        0.024748966079120326,
        0.018514098558669773,
        0.02515812888823295,
        0.028056038574393517,
        0.020386025953452774,
        0.025014929360659306,
        0.0037612736479076046,
        0.015041550714954248,
        0.012774669388433298,
        0.025526144785091787,
        0.02585850972500968,
        0.023943861248030315,
        0.025543918974667568,
        0.014925239597306291,
        0.025823464986636548,
        0.02835737175996043,
        0.012786406806515674,
        0.011828255802458306,
        0.026155420464483096,
        0.0231819021615183,
        0.025030858703072242,
        0.02644609790417193,
        0.022966853346740312,
        0.012502805669208868,
        0.024747334559106344,
        0.022682841476444747,
        0.01893212872966332,
        0.018517839761418884,
        0.025386205204315327,
        0.024580900283451116,
        0.025499198489458558,
        0.020632513222618616,
        0.025699490423441166,
        0.0193054458946135,
        0.02296688115158268,
        0.008676073380430614,
        0.025013765949036884,
        0.025441206094740574,
        0.02551905622004127,
        0.025057166456509402,
        0.022999307840484606,
        0.023427082891183754,
        0.024463083356201905,
        0.012907798593122572,
        0.01181334059046108,
        0.018629349752534257,
        0.022769196578443587
      ],
      "rate": 15.11487767355179,
      "transition_matrix": [
        [
          0.0,
          0.9366792781740976,
          0.9363059489879207,
          0.9356444670745883,
          0.9354513680765614,
          0.9362867658323655,
          1.2777735979635332,
          1.1760449275010827,
          0.9178528119441048,
          0.9365011974165575,
          0.936233435016589,
          0.936466751836932,
          0.9365053086714662,
          1.4123324637920553,
          0.9365382120160275,
          0.9343538939549929,
          0.9345345195508903,
          0.9340697799699207,
          0.9364823302669956,
          0.935817634423189,
          0.9363714910770085,
          0.9366576411132941,
          0.9326195412263397,
          0.9390921204878316,
          0.9363404306764508,
          0.9362161927179148,
          0.9326850088292226,
          0.928864037989972,
          0.9344418588797652,
          0.9364077523502511,
          0.9364032352372426,
          0.935943726731788,
          0.9365085006451999,
          0.9320258236805613,
          0.936243373023236,
          0.933664215959318,
          0.9335881327936374,
          0.9364955219803791,
          0.9362046938626915,
          0.9383233685468884,
          0.9357903066149595,
          0.9314299395650002,
          0.9364131676292644,
          0.9330734513015816,
          0.9925536008362293,
          0.9300152746253595,
          0.9365575551381503
        ],
        [
          0.9366792781740976,
          0.0,
          0.9431202834228638,
          1.066558210772567,
          0.9389311352223958,
          0.9365353880647291,
          0.9666073515559666,
          0.9426201620918323,
          1.4466894254717468,
          0.9369291211436992,
          0.9365868392006881,
          0.937428385343492,
          0.9368853575195023,
          0.9406226665293603,
          0.9371870623373736,
          0.9361234807328391,
          0.937333713390836,
          0.9372300945240849,
          0.9366677373407113,
          0.9445202205319443,
          0.936998409259448,
          0.936830114045764,
          0.9346082919332397,
          1.3674122887359907,
          0.9365118459712001,
          0.9366251202725535,
          0.9348718570061854,
          1.8664811590220505,
          0.941189976925132,
          0.9365579603177627,
          0.9377083825318722,
          0.936704193124711,
          0.9366144092696612,
          1.3202030538175988,
          0.9368907262110229,
          1.001254876966463,
          0.93479426197169,
          0.9365943259027059,
          0.9384834952408313,
          1.0797369079443682,
          0.9366057802753627,
          1.0134509390067599,
          0.9365906633918293,
          0.9631788058587973,
          2.5952340131049336,
          0.9542664688730177,
          0.9369710946266001
        ],
        [
          0.9363059489879207,
          0.9431202834228638,
          0.0,
          0.9449844452176432,
          0.9353648044536251,
          0.9363524067104873,
          0.9184031451945561,
          0.9382202310070531,
          1.2812869198482493,
          0.9365414091590833,
          0.9362569271136992,
          0.9365733384560124,
          0.9365445882719755,
          0.9346879061363089,
          0.9365780534848971,
          0.9343592106302102,
          0.9345212982440372,
          0.9329597585565621,
          0.9365360037588953,
          0.9368668117115768,
          0.9369225017790882,
          0.9366930844972207,
          0.9326401787443594,
          0.9397384733540755,
          0.9363953620870896,
          0.9362487822902786,
          0.9326435582373013,
          2.378793391701097,
          0.9346070278567152,
          0.9364240566003666,
          0.9364634094885744,
          0.9359705167002301,
          0.936522795021528,
          0.9339312086514074,
          0.9362765648369155,
          0.9335011871385365,
          0.9335846248058685,
          0.9365321370525095,
          0.9366011720805085,
          0.9390839252388999,
          0.9357971707644199,
          0.9314629616383258,
          0.9364284176055335,
          0.932970578284449,
          0.8999684410376877,
          1.061322954530168,
          0.9366188919398494
        ],
        [
          0.9356444670745883,
          1.066558210772567,
          0.9449844452176432,
          0.0,
          0.9347971019341523,
          0.936117276344385,
          0.9167662206621798,
          0.9385787502547203,
          1.0283822755268448,
          0.9359512979563575,
          0.9362972894442549,
          0.9359758269292799,
          0.9361118168112625,
          0.9344408503658858,
          0.9371694013085913,
          1.9408797902796289,
          0.9341393069609896,
          0.9407871444273789,
          1.8464737381714926,
          0.935455841713464,
          0.9358051510513373,
          0.9360060591316105,
          2.033716860816016,
          0.9400918534771782,
          0.9357446100845455,
          0.9356522987477173,
          0.9318101058748331,
          1.68164127417064,
          2.2050469004930258,
          0.9357683536659925,
          0.9360389856983913,
          0.9354218880027215,
          0.9358445138297751,
          1.2111056143257681,
          0.9358187446181193,
          1.0031732828269315,
          1.8836186531931645,
          0.9358686716748416,
          1.2383828492089095,
          0.9384492328941866,
          0.9351518544783443,
          0.9306887704685883,
          0.9357788674070462,
          0.9328109193303156,
          0.8993081909047406,
          0.9678201741137712,
          0.9371262092118062
        ],
        [
          0.9354513680765614,
          0.9389311352223958,
          0.9353648044536251,
          0.9347971019341523,
          0.0,
          0.9353302260691887,
          0.9258190609251304,
          1.0669208959801495,
          0.9225352818197399,
          0.935527915705228,
          0.9353049658052597,
          0.93560637046328,
          0.9355201062347773,
          1.0346804510646717,
          0.9355796256424163,
          0.9338427506176892,
          1.3181946854418247,
          1.0260109364931205,
          0.9354604686923549,
          0.9352217967109874,
          0.9353986739788456,
          0.9356233194367138,
          0.9326472386800715,
          1.0676032562424846,
          0.9353808452287448,
          0.9354236302327077,
          0.9328344246935621,
          0.9306248251433531,
          0.9340433603754755,
          0.9354818570033954,
          0.935538598833838,
          0.9353430611677638,
          0.9355385010226405,
          0.9357728865315854,
          0.9354708326745215,
          0.9369517133205834,
          0.9332179492934524,
          0.9355233068103604,
          0.9353573809308603,
          0.9374069855369868,
          0.9352463615542774,
          0.931617183656346,
          0.9742469398199868,
          0.9343721721339039,
          1.9827124954496325,
          0.9312315599149027,
          0.9356881325123376
        ],
        [
          0.9362867658323655,
          0.9365353880647291,
          0.9363524067104873,
          0.936117276344385,
          0.9353302260691887,
          0.0,
          0.9183849285280775,
          0.9384003707519558,
          1.3698904427718928,
          0.9365184481900675,
          0.936240489334208,
          0.9364786609689275,
          0.9365802265142326,
          0.934766007516561,
          0.936555761577736,
          0.9350626322557237,
          0.9345029372494585,
          0.9328513833019653,
          0.9364994650123014,
          0.9358386660412278,
          0.9364090205011875,
          0.9366710304282644,
          0.9328995454434021,
          0.9388311926465553,
          0.936371805279271,
          0.9362242193053142,
          0.9326984246755319,
          0.9292241786464824,
          1.3845767359542445,
          0.9363982968286892,
          0.9364385749207367,
          0.9359450791431411,
          0.9365013950353128,
          0.9324333199208484,
          0.9362516883059361,
          1.026533979566966,
          0.9337362715701686,
          0.9365113205425293,
          0.9363159848389223,
          0.9382666328483371,
          0.9357811488049481,
          0.9314398668812593,
          0.9364030342380713,
          0.9330034844388991,
          0.9013616249578911,
          0.9310216158102723,
          0.9370011239877765
        ],
        [
          1.2777735979635332,
          0.9666073515559666,
          0.9184031451945561,
          0.9167662206621798,
          0.9258190609251304,
          0.9183849285280775,
          0.0,
          1.2314571211761929,
          1.428080117066528,
          0.9179409973629418,
          0.9177548541217894,
          0.9195353385412475,
          0.9179170063160735,
          0.9302744084984789,
          0.9178641670919794,
          0.9169976233395277,
          1.07034263226884,
          1.0177695610540525,
          0.9174864577115329,
          0.9202284162766056,
          0.9182317448832318,
          0.9174627317920472,
          0.9198046662630152,
          1.5441280449837138,
          0.9184112452476489,
          0.9196811317381093,
          1.8384005150780294,
          0.9347095088313003,
          0.9194360176374862,
          0.9184464734871162,
          0.9182578298297571,
          0.921177535301446,
          0.9177991706004756,
          0.9508516708332041,
          0.9195984811778107,
          1.320737704964571,
          0.919279750464719,
          0.9179873507017086,
          0.918412083501432,
          0.9272197426338038,
          0.9249736495112819,
          0.9197176183376844,
          0.9185864717112666,
          0.9300348194528067,
          39.18052839570479,
          1.0720180450149872,
          0.919977976918186
        ],
        [
          1.1760449275010827,
          0.9426201620918323,
          0.9382202310070531,
          0.9385787502547203,
          1.0669208959801495,
          0.9384003707519558,
          1.2314571211761929,
          0.0,
          0.9458294662724921,
          0.9382796499123675,
          0.9381687342339595,
          0.9385626185225153,
          0.9382770026981112,
          1.2325377884524669,
          0.938377089782399,
          0.9387720345054094,
          0.9419582915596296,
          0.9407666574718327,
          0.9383266304720037,
          0.9385273434636862,
          0.9381808652715937,
          0.9385688227090088,
          0.9367128524679941,
          1.1294401627701962,
          0.9381736352102591,
          0.938351390908395,
          0.9380542862764103,
          0.9369105795282082,
          0.9387158927426713,
          1.3238957344448883,
          0.938383429072946,
          0.9384919301828568,
          0.9383355199574418,
          0.9391202372491821,
          0.9384363660814113,
          1.1997501967865798,
          0.9372607119737058,
          0.9382812860078207,
          0.9382769893840845,
          0.9401846715016096,
          0.9386541406598722,
          0.9365760532141244,
          1.3359498761662838,
          0.9398808060203491,
          4.103446464693824,
          0.9392825641079319,
          0.9390570979270593
        ],
        [
          0.9178528119441048,
          1.4466894254717468,
          1.2812869198482493,
          1.0283822755268448,
          0.9225352818197399,
          1.3698904427718928,
          1.428080117066528,
          0.9458294662724921,
          0.0,
          0.9170688937820874,
          0.917858789028757,
          0.919695616158512,
          0.9171426432856888,
          1.6744046506791999,
          0.9169853131269471,
          0.9158505426300453,
          0.9286321364738607,
          7.612967155520878,
          0.9166333765337732,
          1.210233339681699,
          1.167439773522559,
          0.9166204392575612,
          1.765979802440905,
          1.5936877418530417,
          1.3721131536449502,
          0.9190439715814858,
          0.9210659132086855,
          6.2649024757601435,
          1.887124153972361,
          0.9175939287629958,
          1.370185189763394,
          0.9206207917777715,
          0.9169852573268966,
          2.0602990054002754,
          0.9189539949500004,
          6.529143610740928,
          0.9204592201678576,
          0.9172733956980919,
          1.2361802271128777,
          0.9215869409313422,
          0.9201296183412853,
          1.3731741244506317,
          0.9177275469471696,
          0.9935202831976165,
          6.065076406916956,
          8.33800656566434,
          0.9266854540358307
        ],
        [
          0.9365011974165575,
          0.9369291211436992,
          0.9365414091590833,
          0.9359512979563575,
          0.935527915705228,
          0.9365184481900675,
          0.9179409973629418,
          0.9382796499123675,
          0.9170688937820874,
          0.0,
          0.9364661969152694,
          0.9366881441309576,
          0.9367886345255162,
          0.9346817295866746,
          0.9367958773046711,
          0.9345302504939532,
          0.9346033549625435,
          0.9323979358135455,
          0.9367288943522316,
          0.9360281392651157,
          0.9366078669758178,
          0.9369055478168897,
          0.9326837825614595,
          0.9388162281448473,
          0.9365733802005142,
          0.9364335682839382,
          0.9327463104062667,
          0.9304880213139316,
          0.9349500969925157,
          0.9366252440736518,
          0.9379451670207434,
          0.9361381353506322,
          0.9367288717347863,
          1.3960183697844495,
          0.9364719088306057,
          0.9326297956965812,
          0.9337264229762898,
          0.9367364587058378,
          0.9365293755525618,
          0.938520359457112,
          0.935975460332204,
          0.9314785342505062,
          0.9366286409256005,
          0.9330125881913932,
          0.897853691504074,
          0.9298791922918701,
          0.9367848670698578
        ],
        [
          0.936233435016589,
          0.9365868392006881,
          0.9362569271136992,
          0.9362972894442549,
          0.9353049658052597,
          0.936240489334208,
          0.9177548541217894,
          0.9381687342339595,
          0.917858789028757,
          0.9364661969152694,
          0.0,
          0.9364323162809745,
          0.9364863808039401,
          0.9345422440417493,
          0.9372352952575397,
          0.9362598564101351,
          0.9345317260751231,
          1.1694896117604356,
          0.9364619235941102,
          0.9357431995903606,
          0.9363284549355916,
          0.9366128695314828,
          1.2051468985198928,
          0.938819035479922,
          0.9362984169830442,
          0.9361719640888314,
          0.9324825958266906,
          0.9286450958995934,
          0.9355441453068251,
          0.9363407754218785,
          0.9364090929517306,
          0.9358940047962226,
          0.9364422548470995,
          1.3107437673762208,
          0.9379207070745953,
          0.9326668490409084,
          0.9334224279066158,
          0.9365504952405405,
          1.0252729651094858,
          0.9382645255759371,
          0.9357894816988644,
          0.9315258278012117,
          0.9363463276253743,
          0.933032627195266,
          0.8980676668897236,
          0.9296865553123319,
          0.936528921558666
        ],
        [
          0.936466751836932,
          0.937428385343492,
          0.9365733384560124,
          0.9359758269292799,
          0.93560637046328,
          0.9364786609689275,
          0.9195353385412475,
          0.9385626185225153,
          0.919695616158512,
          0.9366881441309576,
          0.9364323162809745,
          0.0,
          0.9366934688034688,
          0.9699690965120822,
          0.9367330510588646,
          0.9346648673361265,
          0.9346653688992792,
          0.9330325610311069,
          0.9366743569284071,
          0.9360340900311739,
          0.9365755328748118,
          0.936859695964397,
          0.932900055064673,
          0.9728981074235061,
          0.9365212414690172,
          0.9363813466511837,
          0.9329255348318725,
          1.3994596202640222,
          0.9347571128394618,
          0.936568683094436,
          0.9366028395330962,
          0.9360992554885949,
          0.9366736674776647,
          0.9379438459620951,
          0.9364159206677715,
          0.9338889762062287,
          0.9339221316112631,
          0.9366768697712983,
          0.943303176212523,
          0.9388439947888003,
          0.9359861010859891,
          0.9318162870513149,
          0.9365728610058961,
          1.1083329408507605,
          1.1525601952011346,
          0.9306148672442275,
          0.9367361813501742
        ],
        [
          0.9365053086714662,
          0.9368853575195023,
          0.9365445882719755,
          0.9361118168112625,
          0.9355201062347773,
          0.9365802265142326,
          0.9179170063160735,
          0.9382770026981112,
          0.9171426432856888,
          0.9367886345255162,
          0.9364863808039401,
          0.9366934688034688,
          0.0,
          0.9346881318012593,
          0.9368494244219195,
          0.934690392113934,
          0.9345976222768551,
          0.9323930734243885,
          0.9367336690007143,
          0.9360537230376175,
          0.9366119968265935,
          0.9369103294410517,
          0.9327674322074073,
          0.9388146620622009,
          0.9365777498814148,
          0.9364341188226151,
          0.9327413247859105,
          0.9302355355403048,
          1.0237102522865253,
          0.9366260986666918,
          0.9368161731927425,
          0.9361363260062432,
          0.9367332933673204,
          1.3283703403412574,
          0.9364886519412886,
          0.9327367924365385,
          0.9337590592891712,
          0.9367409293380009,
          0.9366253552813218,
          0.9385203289319621,
          0.9359750540549346,
          0.9314761780636498,
          0.9366296253285429,
          0.9330074951067138,
          0.8977502398563777,
          0.9298760917229826,
          0.936876411887668
        ],
        [
          1.4123324637920553,
          0.9406226665293603,
          0.9346879061363089,
          0.9344408503658858,
          1.0346804510646717,
          0.934766007516561,
          0.9302744084984789,
          1.2325377884524669,
          1.6744046506791999,
          0.9346817295866746,
          0.9345422440417493,
          0.9699690965120822,
          0.9346881318012593,
          0.0,
          0.9347332502273806,
          0.944300827210159,
          0.9346786059709808,
          0.936774747080368,
          0.9346154675636927,
          1.1676084718339228,
          0.9346486425247912,
          0.9422426754928999,
          1.3907734996159915,
          1.2845606616190286,
          0.9346738116335128,
          0.9346321791823975,
          0.9329451406327184,
          0.9342529375503376,
          1.3915318515648576,
          0.934670951004508,
          0.934842998282494,
          0.9346225361557817,
          1.4002661471925042,
          0.938867850607768,
          0.9346791522784695,
          0.9991372143759736,
          0.9337016792141735,
          0.9346439200068577,
          0.9346656263350215,
          0.9368059196188845,
          0.934915423285733,
          0.9322319157416401,
          0.9347183504558366,
          3.8075770456046016,
          4.577826360479072,
          0.9357108904258059,
          0.9350477630224008
        ],
        [
          0.9365382120160275,
          0.9371870623373736,
          0.9365780534848971,
          0.9371694013085913,
          0.9355796256424163,
          0.936555761577736,
          0.9178641670919794,
          0.938377089782399,
          0.9169853131269471,
          0.9367958773046711,
          0.9372352952575397,
          0.9367330510588646,
          0.9368494244219195,
          0.9347332502273806,
          0.0,
          0.93455087784852,
          0.9346285886507439,
          0.9324310426838136,
          0.9367689274228643,
          0.936081192406521,
          0.936644897233187,
          0.9369462449508227,
          0.9326841166719224,
          0.939007469347804,
          0.9366102171737462,
          0.9364697964956659,
          0.9327438258903035,
          0.9289463795534236,
          0.9376167310422262,
          0.9366626580746723,
          0.938114346010752,
          0.9361723391697482,
          0.9367673486731882,
          1.7834293826862488,
          0.9367264791281341,
          0.9327590133321769,
          0.9337342640012359,
          0.9367750067928426,
          1.0247688409503042,
          0.9385931243887276,
          0.9360094652766779,
          0.9314600925837533,
          0.9366662547931078,
          0.933023431735296,
          0.8981982080431002,
          0.9298677421201812,
          0.9368274306224306
        ],
        [
          0.9343538939549929,
          0.9361234807328391,
          0.9343592106302102,
          1.9408797902796289,
          0.9338427506176892,
          0.9350626322557237,
          0.9169976233395277,
          0.9387720345054094,
          0.9158505426300453,
          0.9345302504939532,
          0.9362598564101351,
          0.9346648673361265,
          0.934690392113934,
          0.944300827210159,
          0.93455087784852,
          0.0,
          0.9335878353318866,
          1.4351658367614264,
          1.022152679014163,
          0.9340185651997879,
          0.9344291228828129,
          0.9346732404143261,
          3.4110604518182828,
          1.3790424866943671,
          0.9344210870972262,
          0.9344798474118801,
          0.9308646266372707,
          0.9273638693651219,
          2.941153317434538,
          0.9344929435909003,
          0.9344268963888506,
          0.9343701974025393,
          0.9344951179290557,
          0.9309513554266506,
          0.9344865184294282,
          1.3956056279557993,
          3.4459724124365874,
          0.9345400249712748,
          0.93441249604041,
          0.9369790380333287,
          0.9339892561018214,
          0.9305338505784911,
          0.9345097788983336,
          1.865948413462702,
          0.9228201455627141,
          0.9279607078756618,
          0.9367778012162506
        ],
        [
          0.9345345195508903,
          0.937333713390836,
          0.9345212982440372,
          0.9341393069609896,
          1.3181946854418247,
          0.9345029372494585,
          1.07034263226884,
          0.9419582915596296,
          0.9286321364738607,
          0.9346033549625435,
          0.9345317260751231,
          0.9346653688992792,
          0.9345976222768551,
          0.9346786059709808,
          0.9346285886507439,
          0.9335878353318866,
          0.0,
          1.7465639096455248,
          0.9345731194330096,
          0.9343913626233463,
          0.9345409563085422,
          0.9346760841662113,
          0.9329581746269456,
          0.9397808683746309,
          0.934533962472034,
          0.934499795995889,
          0.9328483606394153,
          0.9322736949726246,
          0.9336304619217124,
          0.9345620454371383,
          0.9345850424313485,
          0.9347925889815025,
          0.9345901611443898,
          0.9346315733168165,
          0.9345177455926419,
          0.939349724380224,
          0.9332757774232031,
          0.9347847132736273,
          0.9344764123438635,
          0.936257896664136,
          0.9348527878039417,
          0.9322343882562375,
          0.9345980923172399,
          0.9336685799419537,
          4.8890352558238055,
          0.9330647899365043,
          0.9346955040962578
        ],
        [
          0.9340697799699207,
          0.9372300945240849,
          0.9329597585565621,
          0.9407871444273789,
          1.0260109364931205,
          0.9328513833019653,
          1.0177695610540525,
          0.9407666574718327,
          7.612967155520878,
          0.9323979358135455,
          1.1694896117604356,
          0.9330325610311069,
          0.9323930734243885,
          0.936774747080368,
          0.9324310426838136,
          1.4351658367614264,
          1.7465639096455248,
          0.0,
          0.9323712170891473,
          0.9330278679227105,
          0.9326124321140227,
          0.9327159471281833,
          1.8647272841060905,
          1.8041813230658867,
          0.9325514850714586,
          0.9326887899689698,
          0.9321393637916701,
          1.006345287342205,
          0.9347286293514327,
          0.9324008146820978,
          0.9326051817148207,
          0.9329634024055431,
          0.932376078232349,
          0.9398338830415423,
          0.9327103891029561,
          1.4870064344004505,
          0.9375234507552975,
          1.3954555273335176,
          0.9336733401743245,
          0.9342522984556011,
          1.4000245960499784,
          1.2139119232463316,
          0.9324496010395594,
          1.7594327447204436,
          3.4197277800337487,
          1.4022150631035353,
          0.9334252019406818
        ],
        [
          0.9364823302669956,
          0.9366677373407113,
          0.9365360037588953,
          1.8464737381714926,
          0.9354604686923549,
          0.9364994650123014,
          0.9174864577115329,
          0.9383266304720037,
          0.9166333765337732,
          0.9367288943522316,
          0.9364619235941102,
          0.9366743569284071,
          0.9367336690007143,
          0.9346154675636927,
          0.9367689274228643,
          1.022152679014163,
          0.9345731194330096,
          0.9323712170891473,
          0.0,
          0.935967387663424,
          0.9365906976705114,
          0.9368906192383885,
          0.9771591770004887,
          0.9387770501928261,
          0.936556951086872,
          0.93641852780297,
          0.9326513322571333,
          0.9286321682056673,
          0.935234875249089,
          0.9366081367070647,
          0.9366215380706907,
          0.9361215792899001,
          0.9367123888980494,
          0.9320062250307083,
          0.9364469674570212,
          0.9325774038346891,
          0.9383931513344146,
          0.9367213765666753,
          0.9365495516369848,
          0.9385409887482711,
          0.9359443958878778,
          0.9313586722629924,
          0.9366120808007713,
          0.9329687483759986,
          0.8963682158941714,
          0.92973542599394,
          0.9367785468717257
        ],
        [
          0.935817634423189,
          0.9445202205319443,
          0.9368668117115768,
          0.935455841713464,
          0.9352217967109874,
          0.9358386660412278,
          0.9202284162766056,
          0.9385273434636862,
          1.210233339681699,
          0.9360281392651157,
          0.9357431995903606,
          0.9360340900311739,
          0.9360537230376175,
          1.1676084718339228,
          0.936081192406521,
          0.9340185651997879,
          0.9343913626233463,
          0.9330278679227105,
          0.935967387663424,
          0.0,
          0.9359237703386284,
          0.9361413443156785,
          0.9324754758686217,
          0.9527014302126096,
          0.9358723648512923,
          0.9357641307633042,
          0.932519425839752,
          1.4799948990972642,
          0.9375965072088795,
          0.9359019596210776,
          0.9360469240604832,
          0.9355392536429182,
          0.9359920401862564,
          1.3295870840841937,
          0.9358104761640423,
          0.9496004281651016,
          0.9333197805709934,
          0.9359895768829525,
          0.9360356493346385,
          0.9380465790886954,
          0.9354308949152592,
          0.9313612434964816,
          0.9359109104150506,
          0.9699155687809752,
          1.3425253948440081,
          1.8988259456470726,
          0.9361157230115733
        ],
        [
          0.9363714910770085,
          0.936998409259448,
          0.9369225017790882,
          0.9358051510513373,
          0.9353986739788456,
          0.9364090205011875,
          0.9182317448832318,
          0.9381808652715937,
          1.167439773522559,
          0.9366078669758178,
          0.9363284549355916,
          0.9365755328748118,
          0.9366119968265935,
          0.9346486425247912,
          0.936644897233187,
          0.9344291228828129,
          0.9345409563085422,
          0.9326124321140227,
          0.9365906976705114,
          0.9359237703386284,
          0.0,
          0.9367632224078397,
          0.9326719739648641,
          0.9387659247102849,
          0.9364570154824606,
          0.9363090341415001,
          0.932703214437736,
          1.1406361783933934,
          0.9345499449407991,
          0.9364918667052918,
          0.9365563509169788,
          0.9360240379127783,
          0.9365918489680735,
          0.9321765056141474,
          0.93633652592954,
          0.9328916175276272,
          0.9336519788599515,
          0.9366002558404067,
          0.9363991838845949,
          0.938474223896394,
          0.9358587482086034,
          0.9315024326619699,
          0.9364955958856205,
          0.9329866936566901,
          0.8985519093770198,
          0.9304806079768173,
          0.9366586129903317
        ],
        [
          0.9366576411132941,
          0.936830114045764,
          0.9366930844972207,
          0.9360060591316105,
          0.9356233194367138,
          0.9366710304282644,
          0.9174627317920472,
          0.9385688227090088,
          0.9166204392575612,
          0.9369055478168897,
          0.9366128695314828,
          0.936859695964397,
          0.9369103294410517,
          0.9422426754928999,
          0.9369462449508227,
          0.9346732404143261,
          0.9346760841662113,
          0.9327159471281833,
          0.9368906192383885,
          0.9361413443156785,
          0.9367632224078397,
          0.0,
          0.9327127601084978,
          0.9391281750288079,
          0.9367275738889473,
          0.9365801471165671,
          0.932758211795844,
          0.9285854203760101,
          0.9346658207607245,
          0.9367809673511922,
          0.936797870607082,
          0.9362719130459886,
          0.9368901667029065,
          0.9319596262090419,
          0.9366104783332795,
          0.9331120588111368,
          0.9340155499181254,
          0.9368976195544874,
          0.9365845836043144,
          0.9387695715267995,
          0.9361115468570571,
          0.9315004557300531,
          0.9367844000079251,
          2.323209550053989,
          0.8975600860419618,
          0.9297953646436645,
          0.9369439659415596
        ],
        [
          0.9326195412263397,
          0.9346082919332397,
          0.9326401787443594,
          2.033716860816016,
          0.9326472386800715,
          0.9328995454434021,
          0.9198046662630152,
          0.9367128524679941,
          1.765979802440905,
          0.9326837825614595,
          1.2051468985198928,
          0.932900055064673,
          0.9327674322074073,
          1.3907734996159915,
          0.9326841166719224,
          3.4110604518182828,
          0.9329581746269456,
          1.8647272841060905,
          0.9771591770004887,
          0.9324754758686217,
          0.9326719739648641,
          0.9327127601084978,
          0.0,
          0.9382240540373907,
          0.9326796920770705,
          0.9328167714902265,
          0.9301046062290315,
          0.9280675176369312,
          2.1684626655981223,
          0.932704605727049,
          0.9326467642504183,
          0.9328592306146949,
          0.9326936642047645,
          0.9310499796117542,
          0.9328067281680146,
          0.9378739788847021,
          0.9420343189698508,
          0.9328998238320988,
          0.9327193950325099,
          0.9345044174539414,
          0.9326619118594374,
          1.1377015800665664,
          0.9327296365813905,
          1.4097532827168766,
          1.3826840930208362,
          0.9309225738283041,
          0.9337276844921241
        ],
        [
          0.9390921204878316,
          1.3674122887359907,
          0.9397384733540755,
          0.9400918534771782,
          1.0676032562424846,
          0.9388311926465553,
          1.5441280449837138,
          1.1294401627701962,
          1.5936877418530417,
          0.9388162281448473,
          0.938819035479922,
          0.9728981074235061,
          0.9388146620622009,
          1.2845606616190286,
          0.939007469347804,
          1.3790424866943671,
          0.9397808683746309,
          1.8041813230658867,
          0.9387770501928261,
          0.9527014302126096,
          0.9387659247102849,
          0.9391281750288079,
          0.9382240540373907,
          0.0,
          0.9385887667409714,
          0.9386172064335405,
          0.9381353948197432,
          1.257892264198488,
          0.9519521576090169,
          0.938643969881703,
          0.9392286486341975,
          0.9386840099657003,
          0.9387942900996072,
          1.381462604380723,
          0.9387991155639094,
          2.3689146828285006,
          0.9381271257990529,
          0.938734333607192,
          0.9400096036303862,
          1.2186115958413657,
          0.9391506038956322,
          1.099384565159101,
          0.9386999009684915,
          1.121461249507022,
          5.520456710999029,
          1.3730515455886836,
          0.9393236377626863
        ],
        [
          0.9363404306764508,
          0.9365118459712001,
          0.9363953620870896,
          0.9357446100845455,
          0.9353808452287448,
          0.936371805279271,
          0.9184112452476489,
          0.9381736352102591,
          1.3721131536449502,
          0.9365733802005142,
          0.9362984169830442,
          0.9365212414690172,
          0.9365777498814148,
          0.9346738116335128,
          0.9366102171737462,
          0.9344210870972262,
          0.934533962472034,
          0.9325514850714586,
          0.936556951086872,
          0.9358723648512923,
          0.9364570154824606,
          0.9367275738889473,
          0.9326796920770705,
          0.9385887667409714,
          0.0,
          0.936279224206695,
          0.9327156570112952,
          0.9289570447568479,
          0.9345164032898643,
          0.9364602217861576,
          0.9364754857180944,
          0.9359980875691418,
          0.9365579749349023,
          0.9319708549835505,
          0.9363063835844172,
          0.932923888066914,
          0.9336551641190481,
          0.9365663352487387,
          0.9363169514741752,
          0.9383042320979005,
          0.9358364757931612,
          0.9314787146961779,
          0.9364639016915997,
          0.9330015026074355,
          0.8991192621508332,
          0.9303158955853597,
          0.9366263534277637
        ],
        [
          0.9362161927179148,
          0.9366251202725535,
          0.9362487822902786,
          0.9356522987477173,
          0.9354236302327077,
          0.9362242193053142,
          0.9196811317381093,
          0.938351390908395,
          0.9190439715814858,
          0.9364335682839382,
          0.9361719640888314,
          0.9363813466511837,
          0.9364341188226151,
          0.9346321791823975,
          0.9364697964956659,
          0.9344798474118801,
          0.934499795995889,
          0.9326887899689698,
          0.93641852780297,
          0.9357641307633042,
          0.9363090341415001,
          0.9365801471165671,
          0.9328167714902265,
          0.9386172064335405,
          0.936279224206695,
          0.0,
          0.9328632937294712,
          0.9293887095797536,
          0.9344832509618886,
          0.9363249832928173,
          0.9363429779459925,
          0.9358754790852492,
          0.9364201173858275,
          0.9324215740900546,
          0.9361716358830302,
          0.9334616275331815,
          0.9337675729164544,
          0.9364259917820813,
          0.9361499183398337,
          0.9381069872944097,
          0.9358104490700948,
          0.9317544825443933,
          0.936330368747363,
          0.9331234161934194,
          1.3327751209614822,
          0.9305390673288239,
          0.9364344068449255
        ],
        [
          0.9326850088292226,
          0.9348718570061854,
          0.9326435582373013,
          0.9318101058748331,
          0.9328344246935621,
          0.9326984246755319,
          1.8384005150780294,
          0.9380542862764103,
          0.9210659132086855,
          0.9327463104062667,
          0.9324825958266906,
          0.9329255348318725,
          0.9327413247859105,
          0.9329451406327184,
          0.9327438258903035,
          0.9308646266372707,
          0.9328483606394153,
          0.9321393637916701,
          0.9326513322571333,
          0.932519425839752,
          0.932703214437736,
          0.932758211795844,
          0.9301046062290315,
          0.9381353948197432,
          0.9327156570112952,
          0.9328632937294712,
          0.0,
