{
  "generated_by": {
    "program": "augur",
    "version": "21.1.0"
  },
  "models": {
    "country": {
      "alphabet": [
        "Argentina",
        "Australia",
        "Austria",
        "Bangladesh",
        "Belgium",
        "Brazil",
        "Canada",
        "Chile",
        "China",
        "Czech Republic",
        "Denmark",
        "France",
        "Georgia",
        "Germany",
        "Guatemala",
        "Hong Kong",
        "Hungary",
        "Iceland",
        "India",
        "Iran",
        "Italy",
        "Japan",
        "Kazakhstan",
        "Laos",
        "Malaysia",
        "Mexico",
        "Mongolia",
        "Netherlands",
        "Nigeria",
        "Peru",
        "Poland",
        "Romania",
        "Russia",
        "Singapore",
        "South Africa",
        "South Korea",
        "Spain",
        "Sri Lanka",
        "Sweden",
        "Switzerland",
        "Taiwan",
        "Thailand",
        "United Kingdom",
        "Usa",
        "Vietnam",
        "Zambia",
        "?"
      ],
      "equilibrium_probabilities": [
        0.023644897338408532,
        0.01980793621679637,
        0.027564004114317663,
        0.027107965421701474,
        0.02910598573990041,
        0.020357911439555402,
        0.003824363109480352,
        0.015805305238849127,
        0.011124273302272529,
        0.027994194748955346,
        0.026749858227797463,
        0.020825550142697644,
        0.027711467876922594,
        0.023066971071018686,
        0.01747693276316663,
        0.01483155733340503,
        0.027338942247522213,
        0.027466235188924073,
        0.02398097985644664,
        0.02695252305738738,
        0.01941727304401919,
        0.014393958323116103,
        0.02265199696591516,
        0.02446040037093032,
        0.0237698458955687,
        0.020354351816203833,
        0.013496549580479252,
        0.022640823592283334,
        0.023778367776680773,
        0.01920390966560033,
        0.026479663809686076,
        0.026187900363001372,
        0.023496615094498127,
        0.02643108224376655,
        0.02135645560761553,
        0.011519562588718063,
        0.027665760062983203,
        0.027478905512094306,
        0.026400584050094503,
        0.026041806295013844,
        0.023896481829649034,
        0.021613124350976877,
        0.012402275711200528,
        0.008961698512273733,
        0.01904190128740502,
        0.024120851214700832
      ],
      "rate": 28.35077316039205,
      "transition_matrix": [
        [
          0.0,
          0.9483185970121472,
          0.9499714970327168,
          0.9497881807910444,
          0.9502006736595809,
          0.9498622572556681,
          1.4068526027206867,
          0.9495241167136154,
          0.9385824721823884,
          0.9502868364869794,
          0.9500435004942777,
          1.0900780326520327,
          0.9500722047670787,
          0.9463517393655262,
          0.9498136150311666,
          1.3132787481793493,
          0.9501560796484875,
          0.9500860718065617,
          0.9497280003653842,
          0.9499521916307327,
          0.9486474915994586,
          0.9493679197095646,
          0.9502119585895009,
          0.9501259350483703,
          0.9500134795289653,
          0.9485273332796715,
          0.9459247361325951,
          0.9504754230281817,
          0.9500088326686016,
          0.9499685720941204,
          0.9502439681410384,
          0.9501645033829041,
          0.9498070363756097,
          0.9500048181265383,
          0.9500214968324011,
          0.9462583734399626,
          0.9486328248723661,
          0.9500840019739982,
          0.9501352072577164,
          0.9501675049533752,
          0.9497696846172864,
          0.948078797234813,
          0.949096173433815,
          1.3637911688697177,
          0.94679041860148,
          0.9499439629978785
        ],
        [
          0.9483185970121472,
          0.0,
          0.9477148169176802,
          1.3029646801195462,
          0.9483606810830102,
          0.9484853293694511,
          0.9519302650624061,
          0.9618344358531786,
          2.566713805138146,
          0.9483770985118508,
          0.9478726545196817,
          0.9490635688412958,
          0.9479525525578919,
          0.9455284516109465,
          0.9488534328439805,
          0.9532832252656583,
          0.9480183495382438,
          0.9479026058435287,
          0.9484345861978154,
          0.9479025167761773,
          0.9617673392901633,
          0.9857560532241644,
          0.9493220213552553,
          0.9483444618156498,
          0.9482193377851867,
          0.9473575128117483,
          1.1491985479241917,
          0.9939840118706638,
          0.9482147489977123,
          0.9487932667490843,
          0.9481984014147927,
          0.9480404825500948,
          0.9494470752152996,
          0.9479036855931672,
          0.9486391490712613,
          0.9513641942962894,
          0.946617976392414,
          0.9477556472718288,
          0.9491653731723779,
          0.9480848490287586,
          0.9480175317266961,
          0.9470499899307915,
          0.9502362663069923,
          2.0228106287602046,
          0.9742939698215054,
          0.9482964388353354
        ],
        [
          0.9499714970327168,
          0.9477148169176802,
          0.0,
          0.949632812726001,
          0.9506300156205536,
          0.9495416556052405,
          0.9359958568487646,
          0.9491748164792441,
          0.9353026212749161,
          0.9502019798433619,
          0.9501481598831755,
          0.949998411890898,
          0.9499607975733309,
          3.3188753498086196,
          0.9496390455534878,
          0.9468125800157033,
          0.9500590990740055,
          0.9499774270893926,
          0.949573953655783,
          0.9498238234391558,
          0.9491258316430868,
          0.9489627594782715,
          0.9500498061656306,
          0.9499826704276589,
          0.9499094478487861,
          0.948072651515411,
          0.9451588175428017,
          0.9514394706286271,
          0.9499038325204168,
          0.9498771759162802,
          0.9499762397947192,
          0.949972164619284,
          0.9496555446077509,
          0.9498875813013072,
          0.9499291571005434,
          0.945523448523667,
          0.9483844604383513,
          0.9498950985271093,
          0.9500279697421062,
          0.9499688623196838,
          0.9495441232882542,
          0.9475294425846592,
          0.9487875820443763,
          0.9030835987000936,
          0.9458325497803446,
          0.9498257326742665
        ],
        [
          0.9497881807910444,
          1.3029646801195462,
          0.949632812726001,
          0.0,
          0.9504372064713905,
          0.9493896035494099,
          0.9362245561944207,
          0.9492058463350473,
          1.238466967886854,
          0.9504754541364908,
          0.9496903491518058,
          0.9498691220810282,
          0.9501466573390103,
          0.9451210843657556,
          0.9495108757654328,
          0.946958943484625,
          0.9501849403326177,
          0.9499619110875546,
          0.9595693049029267,
          0.9497582616791778,
          0.947954265897444,
          0.9491266687187101,
          0.9503076525235719,
          0.949818612378855,
          0.949728029000334,
          0.9479501008773077,
          2.5153774041385883,
          1.016578462459079,
          0.949722370174635,
          0.9497320664736215,
          0.9498225422203594,
          0.9497674530618575,
          0.9506209581814694,
          0.949704664163435,
          0.9498893346310667,
          0.9723431741590531,
          0.9480965733136794,
          0.9496836680750895,
          0.9507970441410186,
          0.9497632918528565,
          0.9493907823448186,
          0.947619590689429,
          0.9486874058480179,
          0.9031183831762906,
          1.2977139568631886,
          0.9498370213933751
        ],
        [
          0.9502006736595809,
          0.9483606810830102,
          0.9506300156205536,
          0.9504372064713905,
          0.0,
          0.9498295789882456,
          0.9364980210851238,
          0.9495313482085862,
          1.084862952067046,
          0.9507154008112543,
          0.9504847262990742,
          0.9506468162348404,
          0.9514804167657045,
          1.3958270324002968,
          0.9499293433782025,
          0.9505679537905668,
          1.1087483564626535,
          0.9503734966402583,
          0.9518244326971576,
          0.9501205850303008,
          1.4460479135472974,
          0.9496229113360334,
          0.9508756012897414,
          0.9502163065145697,
          0.9501290076338039,
          0.9482362986308923,
          1.779548394597626,
          1.4396412471766762,
          0.9501229520264338,
          0.9501592378720025,
          0.9503390678145843,
          0.9501706602413427,
          1.868270996125983,
          0.950124480425643,
          0.9503244528206493,
          0.947335277690917,
          1.4097024726904916,
          0.950073251554449,
          0.9513335595966167,
          0.9502348957494638,
          0.9497680937968256,
          0.948281633310943,
          0.9532220955419425,
          0.920592373861663,
          0.9477873697822711,
          0.9502479070365007
        ],
        [
          0.9498622572556681,
          0.9484853293694511,
          0.9495416556052405,
          0.9493896035494099,
          0.9498295789882456,
          0.0,
          4.063501441554299,
          1.3215726120807871,
          0.9397399668362012,
          0.9498138473294498,
          0.9498924773108708,
          1.0350510714039511,
          0.9496247830637252,
          0.9468648543738459,
          0.9496051870157558,
          0.9715761117977275,
          0.9497040670352115,
          0.9496412939834571,
          0.9494003300553531,
          0.9495333028258935,
          1.0251778640051707,
          0.9494488141027128,
          0.9499037171232084,
          0.9497695964877607,
          0.9496476590664962,
          0.9936068807253676,
          0.9463415599072836,
          0.9503574106281815,
          0.9496439193914367,
          0.9496975094363672,
          0.9497901801859531,
          0.9497668718835134,
          0.9495268740835083,
          0.9495864919833172,
          0.9497026148346726,
          0.9468405838462026,
          0.9484337473381667,
          0.9495888385681812,
          0.9497144261902214,
          0.9497990439025976,
          0.949473922274529,
          0.9871535971835307,
          0.9490970042141528,
          1.6804222584084416,
          0.9470069477992159,
          0.9495838500764804
        ],
        [
          1.4068526027206867,
          0.9519302650624061,
          0.9359958568487646,
          0.9362245561944207,
          0.9364980210851238,
          4.063501441554299,
          0.0,
          1.8200694510778463,
          3.2558641938820148,
          0.9360276945046706,
          1.3466373210270717,
          1.2967247988624557,
          0.9359255624838618,
          0.9438908148209637,
          0.9834779697690483,
          4.630680986601639,
          0.9361184968609065,
          0.9360433515395974,
          0.9381314155826319,
          0.9362993897504772,
          1.3609325873511366,
          1.6161436237472302,
          0.9445028636411179,
          0.9393135693934526,
          0.9380097814187444,
          2.736945695532668,
          0.9470421746854724,
          0.9450573865361163,
          0.9380389889169535,
          0.9489082649513458,
          0.9371538321339606,
          0.9374612424801229,
          0.9838544614358578,
          0.936561944831266,
          0.9393480285883224,
          2.1471090091959284,
          0.9358021163787081,
          0.9360395469048176,
          0.9370843812071351,
          0.9375971592428699,
          0.9396424855392402,
          3.2688701153931707,
          0.9498123437021199,
          42.394188850481896,
          0.9504649163852432,
          0.9379304465318463
        ],
        [
          0.9495241167136154,
          0.9618344358531786,
          0.9491748164792441,
          0.9492058463350473,
          0.9495313482085862,
          1.3215726120807871,
          1.8200694510778463,
          0.0,
          0.9797339128081859,
          0.9494335024082602,
          0.949306952972854,
          0.9883194640390556,
          0.9492566880613309,
          0.9475632143610382,
          0.9496989540678378,
          0.9524685740538618,
          0.9493217235793447,
          0.9492627277426203,
          0.9493210328717452,
          0.9492025668115225,
          0.949264491957444,
          0.959638283497837,
          0.9499662443575763,
          0.9495855656949073,
          0.9494225086551611,
          0.9488006813303169,
          0.9515078753433325,
          0.950573734703179,
          0.9508072853564886,
          0.9496905884884942,
          0.9494339745477272,
          0.9495015472632509,
          0.9495833249620916,
          0.9492650570673656,
          0.9496047892606855,
          0.9494255887751125,
          0.9482816872195301,
          0.9492048179649945,
          0.9495348953409833,
          0.9495194084427866,
          0.9493264428162841,
          0.9484818617981711,
          1.0120579534255254,
          3.438443981874366,
          0.9533888051254792,
          0.9493966132129545
        ],
        [
          0.9385824721823884,
          2.566713805138146,
          0.9353026212749161,
          1.238466967886854,
          1.084862952067046,
          0.9397399668362012,
          3.2558641938820148,
          0.9797339128081859,
          0.0,
          0.9471360540547747,
          0.9475828935479438,
          1.457391942197634,
          0.9395016138185416,
          1.4055323427886595,
          0.9410029343020527,
          7.166027558916702,
          0.9363991794615558,
          0.9359333509183797,
          1.2710314640864682,
          1.1381184183531081,
          0.9540467642667597,
          3.1546115890370996,
          2.7399125866538783,
          0.9714237190423479,
          0.9371844257810558,
          0.9388367565994084,
          7.955917919892422,
          2.6716896363606195,
          0.9371786987730765,
          0.939879455068217,
          1.401253706684892,
          0.936132558626423,
          1.8390825322527884,
          1.403330707192997,
          0.9390385604122342,
          7.177946750497184,
          0.9349309294403483,
          0.9350588444255395,
          2.2065352297456586,
          0.936246255425098,
          0.941632644070094,
          1.88202874209466,
          0.9585891385602641,
          6.707333584519635,
          8.131453243663357,
          0.9377602921941779
        ],
        [
          0.9502868364869794,
          0.9483770985118508,
          0.9502019798433619,
          0.9504754541364908,
          0.9507154008112543,
          0.9498138473294498,
          0.9360276945046706,
          0.9494335024082602,
          0.9471360540547747,
          0.0,
          0.9502318979007092,
          0.9502794364989321,
          0.950597650084884,
          0.9455419358362904,
          0.9498800598690567,
          0.9469538257122178,
          0.9505930656984451,
          0.9504788517032285,
          0.9503518069822988,
          0.9502483621140286,
          0.9483789442716944,
          0.9522846653648224,
          0.9506151220628423,
          0.9503198695831211,
          0.9502252663482189,
          0.9483249196303808,
          1.1499475449567917,
          1.4273886354047562,
          0.9502195648905675,
          0.9501421391778668,
          0.950328879927114,
          0.9503136195113633,
          0.9515892181605059,
          0.9502422272682125,
          0.9503419776408794,
          0.9465331073407267,
          0.9486165932461873,
          0.9502509136189059,
          1.3314020500271966,
          0.9503068186792757,
          0.9498792349694855,
          0.9478597552859834,
          0.9489280842975442,
          0.9042370400491957,
          0.949112193131154,
          0.9503847634629357
        ],
        [
          0.9500435004942777,
          0.9478726545196817,
          0.9501481598831755,
          0.9496903491518058,
          0.9504847262990742,
          0.9498924773108708,
          1.3466373210270717,
          0.949306952972854,
          0.9475828935479438,
          0.9502318979007092,
          0.0,
          0.9501962932239667,
          0.949997454347709,
          1.400250222333925,
          0.9496908636978704,
          0.955947491765089,
          0.9500927118429006,
          0.9500129918194251,
          0.9496281049525128,
          0.9498698541011062,
          0.9494984687729053,
          0.9491186057482367,
          0.9501255736690705,
          0.9500189937271057,
          0.9499432473267032,
          1.0212322642993121,
          0.9454252105452136,
          0.9506874435099804,
          0.9499377751893409,
          0.9499076005445756,
          0.9500257866084528,
          0.950006255603323,
          0.9497338646153592,
          0.9499382645085996,
          0.9499605494680133,
          0.945827548039447,
          0.9488033969200944,
          0.9499402802741105,
          0.9500990075579747,
          0.9500027251550933,
          0.9496028839313421,
          0.9478530584294275,
          0.9503926675981756,
          0.9059958798638781,
          0.946138853586916,
          0.9498632129217363
        ],
        [
          1.0900780326520327,
          0.9490635688412958,
          0.949998411890898,
          0.9498691220810282,
          0.9506468162348404,
          1.0350510714039511,
          1.2967247988624557,
          0.9883194640390556,
          1.457391942197634,
          0.9502794364989321,
          0.9501962932239667,
          0.0,
          0.9500659215545579,
          1.8888444053541722,
          0.9500455961325236,
          1.4015404906261946,
          0.9501419077884808,
          0.9500769592296435,
          0.9498514859707724,
          0.9499957900437483,
          0.9590792657559324,
          0.9500242435147864,
          0.95074604831414,
          0.950238402487457,
          0.950069644582257,
          0.9845318904235361,
          0.9471928273390139,
          0.9515695072088968,
          0.9500657778947029,
          0.9501179142649365,
          1.6667214031632174,
          1.1947806197027149,
          0.9500806544835584,
          0.9500410438277582,
          0.9501282907488745,
          0.9475985890188805,
          0.9490572753673909,
          0.9500917579948295,
          0.9503346975248227,
          1.2521277688070758,
          0.9499073126723023,
          0.9486352796497229,
          1.2019405884256653,
          2.0445253753065895,
          0.9480176604869872,
          0.9500127248489412
        ],
        [
          0.9500722047670787,
          0.9479525525578919,
          0.9499607975733309,
          0.9501466573390103,
          0.9514804167657045,
          0.9496247830637252,
          0.9359255624838618,
          0.9492566880613309,
          0.9395016138185416,
          0.950597650084884,
          0.949997454347709,
          0.9500659215545579,
          0.0,
          0.9452598011454025,
          0.9497118013652525,
          0.9467400368962532,
          0.9503460552289937,
          0.9502107752478157,
          0.9512990561293605,
          0.9499894634971838,
          0.9480879423221775,
          0.9491059378660445,
          0.9503458662094904,
          0.950092684897251,
          0.9500112870245679,
          0.9481501175842688,
          1.4739700221536578,
          1.0736801090065562,
          0.9500056429477777,
          0.9499590429849777,
          0.9500886760370012,
          0.9500833013427148,
          1.4114614706635258,
          0.9500015574279371,
          0.9500950442705766,
          0.9463345334112517,
          0.9483917712311727,
          0.9500122379004834,
          0.9507458286224606,
          0.9500773684086483,
          0.9496525219043951,
          0.94778303656628,
          0.9487926433075581,
          0.901570345690767,
          0.9463195062934192,
          0.9500451512529401
        ],
        [
          0.9463517393655262,
          0.9455284516109465,
          3.3188753498086196,
          0.9451210843657556,
          1.3958270324002968,
          0.9468648543738459,
          0.9438908148209637,
          0.9475632143610382,
          1.4055323427886595,
          0.9455419358362904,
          1.400250222333925,
          1.8888444053541722,
          0.9452598011454025,
          0.0,
          0.9473877560384004,
          1.4153934825465657,
          0.9453821187188762,
          0.9453130841058894,
          0.9457921903329207,
          0.9452235588160827,
          4.041810115876134,
          0.9477662297589914,
          0.9464944132616178,
          0.9459183311368473,
          0.9460149934521682,
          0.9454142691712899,
          0.9452647015954597,
          1.048581326003758,
          0.9460086212842371,
          0.9471472224629791,
          0.9462397143951856,
          0.9455946844522296,
          0.9464266833585396,
          0.9453261283650267,
          0.9467475778127886,
          0.9463633905657283,
          4.24339595912151,
          0.9451240501567686,
          0.946079175812028,
          0.9459233237723581,
          0.9456489504858178,
          1.4151624251592756,
          1.4175071882887613,
          1.1409416014835454,
          0.9441004212304703,
          0.9459528013527759
        ],
        [
          0.9498136150311666,
          0.9488534328439805,
          0.9496390455534878,
          0.9495108757654328,
          0.9499293433782025,
          0.9496051870157558,
          0.9834779697690483,
          0.9496989540678378,
          0.9410029343020527,
          0.9498800598690567,
          0.9496908636978704,
          0.9500455961325236,
          0.9497118013652525,
          0.9473877560384004,
          0.0,
          1.412670673531365,
          0.9497777619101939,
          0.949724380819208,
          0.9531753823094645,
          0.9496316859715096,
          0.9490410473190919,
          0.9495090147143209,
          0.9500325525426783,
          0.9498858183101537,
          0.9497213800742813,
          0.9486355511800206,
          0.9468770576809057,
          0.9504715845913619,
          0.9497183554799481,
          0.9497541969142405,
          0.949792061105996,
          0.9498476941165779,
          0.9495739444572902,
          0.9496764000614527,
          0.9497625222199985,
          0.9471736346211655,
          0.948650867735386,
          0.9499270572374475,
          0.9497919355770754,
          0.949848144008702,
          0.9496085294839746,
          0.9482911767548527,
          0.9492053945795957,
          2.745842419451905,
          0.9478526928494238,
          0.9551114983732357
        ],
        [
          1.3132787481793493,
          0.9532832252656583,
          0.9468125800157033,
          0.946958943484625,
          0.9505679537905668,
          0.9715761117977275,
          4.630680986601639,
          0.9524685740538618,
          7.166027558916702,
          0.9469538257122178,
          0.955947491765089,
          1.4015404906261946,
          0.9467400368962532,
          1.4153934825465657,
          1.412670673531365,
          0.0,
          0.9468320747815202,
          0.9467693070427876,
          0.9471734758796687,
          0.9469500913768032,
          1.2539326651850675,
          1.4987657909397036,
          0.9489901794581727,
          0.9476379432296376,
          0.947303937528343,
          0.9754117917808903,
          0.9481221806610572,
          0.95153836034317,
          0.9473001660787569,
          0.9480337878741304,
          1.0379458939764576,
          0.9471512909996465,
          0.9484858466411814,
          0.9468614887297873,
          0.9477198782638393,
          1.0279074886770372,
          0.9461834826806143,
          1.4200125982230252,
          0.9480191043494198,
          0.9472603558665262,
          0.9491353287416139,
          1.006456240113845,
          1.2225921456681226,
          2.5260676554365586,
          1.0578914851791803,
          0.9472665977600625
        ],
        [
          0.9501560796484875,
          0.9480183495382438,
          0.9500590990740055,
          0.9501849403326177,
          1.1087483564626535,
          0.9497040670352115,
          0.9361184968609065,
          0.9493217235793447,
          0.9363991794615558,
          0.9505930656984451,
          0.9500927118429006,
          0.9501419077884808,
          0.9503460552289937,
          0.9453821187188762,
          0.9497777619101939,
          0.9468320747815202,
          0.0,
          0.9502661560946497,
          0.9500949916327566,
          0.9500860507515329,
          0.9481507773461137,
          0.9491360822379039,
          0.9503817946703708,
          0.9501793690430684,
          0.9500956378925023,
          0.9482487882963323,
          1.3508297478022515,
          0.9510398588836987,
          0.9500900769631256,
          0.9500279543661748,
          0.9501795833356079,
          0.9501749146809984,
          0.9512734983229871,
          0.9500947123601461,
          0.9501663322411581,
          0.9459578845007283,
          0.948596947006345,
          0.9501092721933679,
          0.9505895234886008,
          0.9501685752548589,
          0.949747591620315,
          0.9477868391537418,
          0.9488499400101171,
          0.9021353149222333,
          0.9469745448294781,
          0.9501649907412636
        ],
        [
          0.9500860718065617,
          0.9479026058435287,
          0.9499774270893926,
          0.9499619110875546,
          0.9503734966402583,
          0.9496412939834571,
          0.9360433515395974,
          0.9492627277426203,
          0.9359333509183797,
          0.9504788517032285,
          0.9500129918194251,
          0.9500769592296435,
          0.9502107752478157,
          0.9453130841058894,
          0.949724380819208,
          0.9467693070427876,
          0.9502661560946497,
          0.0,
          0.9498251401805219,
          0.9499896686885712,
          0.9481154747412908,
          0.94905947474701,
          0.9502337512864605,
          0.950104508121213,
          0.9500250042453842,
          0.9481786441590035,
          1.224356366754055,
          1.113023400163235,
          0.9500194187876976,
          0.9499704057178818,
          0.950101692882519,
          0.9500983703272768,
          0.950285447899113,
          0.9500161748288473,
          1.0001153181208104,
          0.945785784273993,
          0.9484218361757546,
          0.9500282721157352,
          0.95046780266342,
          0.9500924144335025,
          0.9496690178832462,
          0.947665732343678,
          0.9488132412732808,
          0.901973783946111,
          0.9461627859612094,
          0.9820947537935653
        ],
        [
          0.9497280003653842,
          0.9484345861978154,
          0.949573953655783,
          0.9595693049029267,
          0.9518244326971576,
          0.9494003300553531,
          0.9381314155826319,
          0.9493210328717452,
          1.2710314640864682,
          0.9503518069822988,
          0.9496281049525128,
          0.9498514859707724,
          0.9512990561293605,
          0.9457921903329207,
          0.9531753823094645,
          0.9471734758796687,
          0.9500949916327566,
          0.9498251401805219,
          0.0,
          0.949650195399924,
          0.9481642869419408,
          0.9491507452210473,
          1.096611995783554,
          0.949820681369545,
          0.9496724367042538,
          0.9481162236837839,
          2.830191021299142,
          0.9530708397276195,
          0.9496676397954957,
          0.9496948869385271,
          0.9497430565860023,
          0.9497396520639818,
          0.9501062001126634,
          0.9496256136812242,
          0.9497770013126635,
          0.9500923640631928,
          0.9482165264620688,
          0.9496198980137254,
          0.950412765315492,
          0.9497374404688754,
          0.9493948038829657,
          0.947824340998076,
          0.9487995149485275,
          1.3603588722809747,
          0.9467864097324861,
          0.9502199543959585
        ],
        [
          0.9499521916307327,
          0.9479025167761773,
          0.9498238234391558,
          0.9497582616791778,
          0.9501205850303008,
          0.9495333028258935,
          0.9362993897504772,
          0.9492025668115225,
          1.1381184183531081,
          0.9502483621140286,
          0.9498698541011062,
          0.9499957900437483,
          0.9499894634971838,
          0.9452235588160827,
          0.9496316859715096,
          0.9469500913768032,
          0.9500860507515329,
          0.9499896686885712,
          0.949650195399924,
          0.0,
          0.9479545197606187,
          0.9490707904237599,
          0.9501943789826482,
          0.9499725092202692,
          0.9498918813767494,
          0.9480982402720518,
          1.181599494324528,
          0.9821274949235883,
          0.949886371589772,
          0.9498634176462429,
          0.9499951733717847,
          0.9499508872137518,
          0.9499440537921471,
          0.9498903556865933,
          0.9499340285683884,
          0.9461342032427325,
          0.9482971029890552,
          0.9498750409455264,
          0.9502788570339572,
          0.9499458996583449,
          0.9495416617123521,
          0.947624603915968,
          0.9487583810407575,
          0.9028345025837278,
          0.9469301403920986,
          0.9498444591760531
        ],
        [
          0.9486474915994586,
          0.9617673392901633,
          0.9491258316430868,
          0.947954265897444,
          1.4460479135472974,
          1.0251778640051707,
          1.3609325873511366,
          0.949264491957444,
          0.9540467642667597,
          0.9483789442716944,
          0.9494984687729053,
          0.9590792657559324,
          0.9480879423221775,
          4.041810115876134,
          0.9490410473190919,
          1.2539326651850675,
          0.9481507773461137,
          0.9481154747412908,
          0.9481642869419408,
          0.9479545197606187,
          0.0,
          0.9497375488023169,
          0.9487422085738879,
          0.9483976397007758,
          0.948350638110539,
          0.9476787982235203,
          0.9468291352455375,
          1.3180268494015894,
          0.948346093682691,
          0.948911872249504,
          1.309199284582896,
          0.9482437084882661,
          0.948575961765345,
          0.9479813348639266,
          0.9487796622120857,
          0.9475504282292038,
          1.526480461863369,
          0.9479811860526899,
          0.9487085350453857,
          1.4236943169639356,
          0.9482784404003182,
          0.9484900914948383,
          1.2554574964299523,
          2.4476154151132365,
          0.9466189260223375,
          0.9483396340697035
        ],
        [
          0.9493679197095646,
          0.9857560532241644,
          0.9489627594782715,
          0.9491266687187101,
          0.9496229113360334,
          0.9494488141027128,
          1.6161436237472302,
          0.959638283497837,
          3.1546115890370996,
          0.9522846653648224,
          0.9491186057482367,
          0.9500242435147864,
          0.9491059378660445,
          0.9477662297589914,
          0.9495090147143209,
          1.4987657909397036,
          0.9491360822379039,
          0.94905947474701,
          0.9491507452210473,
          0.9490707904237599,
          0.9497375488023169,
          0.0,
          1.1508882041487132,
          0.9982648788073822,
          0.9492017088266681,
          0.94856841837588,
          1.0293400239104866,
          0.9508270933086752,
          0.9491993022770152,
          0.9494555948762391,
          0.9493474577316777,
          0.9492485657329426,
          1.170854114912611,
          0.94906002042208,
          0.9493775369657597,
          1.2785612667193542,
          0.9481493782617423,
          0.949005728827945,
          0.9538876533302114,
          0.9492634541274404,
          0.9491668361100634,
          0.9483915219202138,
          0.9495103439320942,
          3.821226853784363,
          1.3506452488370415,
          0.9491842260973221
        ],
        [
          0.9502119585895009,
          0.9493220213552553,
          0.9500498061656306,
          0.9503076525235719,
          0.9508756012897414,
          0.9499037171232084,
          0.9445028636411179,
          0.9499662443575763,
          2.7399125866538783,
          0.9506151220628423,
          0.9501255736690705,
          0.95074604831414,
          0.9503458662094904,
          0.9464944132616178,
          0.9500325525426783,
          0.9489901794581727,
          0.9503817946703708,
          0.9502337512864605,
          1.096611995783554,
          0.9501943789826482,
          0.9487422085738879,
          1.1508882041487132,
          0.0,
          0.9875027647854828,
          0.9501507959008135,
          0.94869227622704,
          1.4348004081488372,
          0.9539411532843105,
          0.9501462222111148,
          0.950199353547902,
          0.9504622247174714,
          0.9502021805901342,
          1.0168547550781424,
          0.9501554736797393,
          0.950262708962447,
          1.0502526162889239,
          0.9487680553240418,
          0.950090759577042,
          0.9511992494247192,
          0.9502059962085092,
          0.9498894767573085,
          0.9485286416260282,
          0.9494714800251024,
          1.2427847953383668,
          0.9502333636431679,
          0.9501812075451428
        ],
        [
          0.9501259350483703,
          0.9483444618156498,
          0.9499826704276589,
          0.949818612378855,
          0.9502163065145697,
          0.9497695964877607,
          0.9393135693934526,
          0.9495855656949073,
          0.9714237190423479,
          0.9503198695831211,
          0.9500189937271057,
          0.950238402487457,
          0.950092684897251,
          0.9459183311368473,
          0.9498858183101537,
          0.9476379432296376,
          0.9501793690430684,
          0.950104508121213,
          0.949820681369545,
          0.9499725092202692,
          0.9483976397007758,
          0.9982648788073822,
          0.9875027647854828,
          0.0,
          0.950067015413233,
          0.9484623103795355,
          0.9502350273778813,
          0.950577219058357,
          0.9500621531539248,
          0.9500799538294282,
          0.9501400099541263,
          0.9501363336079429,
          0.9500224187593324,
          0.9500334425884356,
          0.950110170251533,
          0.9556481112488344,
          0.948598167956261,
          0.9500282797546423,
          0.9502141839134404,
          0.9501367055264568,
          0.9497587414139751,
          0.9480038189006079,
          0.9491694080549545,
          1.2598017233769734,
          0.9468898790359073,
          0.9499983975554527
        ],
        [
          0.9500134795289653,
          0.9482193377851867,
          0.9499094478487861,
          0.949728029000334,
          0.9501290076338039,
          0.9496476590664962,
          0.9380097814187444,
          0.9494225086551611,
          0.9371844257810558,
          0.9502252663482189,
          0.9499432473267032,
          0.950069644582257,
          0.9500112870245679,
          0.9460149934521682,
          0.9497213800742813,
          0.947303937528343,
          0.9500956378925023,
          0.9500250042453842,
          0.9496724367042538,
          0.9498918813767494,
          0.948350638110539,
          0.9492017088266681,
          0.9501507959008135,
          0.950067015413233,
          0.0,
          0.9483736517057307,
          0.9458608813619388,
          0.9504088727732164,
          0.9499551075875499,
          0.9499234781724991,
          0.950033899974684,
          0.9500569819122806,
          0.9497427518862337,
          0.9499458204770702,
          0.9499721253877487,
          0.9461686907874396,
          0.9485637614325239,
          0.9499541841641739,
          0.950073888062574,
          0.9500527902709878,
          0.9496849470328691,
          0.9479072583735065,
          0.9489397389352331,
          1.361865389973095,
          0.9465826853275536,
          0.9498886225224858
        ],
        [
          0.9485273332796715,
          0.9473575128117483,
          0.948072651515411,
          0.9479501008773077,
          0.9482362986308923,
          0.9936068807253676,
          2.736945695532668,
          0.9488006813303169,
          0.9388367565994084,
          0.9483249196303808,
          1.0212322642993121,
          0.9845318904235361,
          0.9481501175842688,
          0.9454142691712899,
          0.9486355511800206,
          0.9754117917808903,
          0.9482487882963323,
          0.9481786441590035,
          0.9481162236837839,
          0.9480982402720518,
          0.9476787982235203,
          0.94856841837588,
          0.94869227622704,
          0.9484623103795355,
          0.9483736517057307,
          0.0,
          0.9455942986664478,
          0.9490511126144525,
          0.9483692619653334,
          0.9486567030940183,
          0.948317845441864,
          0.9483578703710034,
          0.9482376906649749,
          0.9481783855175925,
          0.9485511478921611,
          0.9461012111678945,
          0.9469190400358897,
          0.948123397712528,
          0.9483114866920466,
          0.9483678511731081,
          0.948182475579461,
          0.9470073104294379,
          0.9483400440477794,
          1.8417183191151736,
          0.9460116852870935,
          0.9482910709846735
        ],
        [
          0.9459247361325951,
          1.1491985479241917,
          0.9451588175428017,
          2.5153774041385883,
          1.779548394597626,
          0.9463415599072836,
          0.9470421746854724,
          0.9515078753433325,
          7.955917919892422,
          1.1499475449567917,
          0.9454252105452136,
          0.9471928273390139,
          1.4739700221536578,
          0.9452647015954597,
          0.9468770576809057,
          0.9481221806610572,
          1.3508297478022515,
          1.224356366754055,
          2.830191021299142,
          1.181599494324528,
          0.9468291352455375,
          1.0293400239104866,
          1.4348004081488372,
          0.9502350273778813,
          0.9458608813619388,
          0.9455942986664478,
          0.0,
          3.2271488017606,
          0.9458568282578645,
          0.9466676175871624,
          0.9459625246538949,
          0.9455106891695435,
          4.178544154678695,
          0.9454453144851709,
          1.3306364458950062,
          4.148122776589331,
          0.9444723075983551,
          0.9451907000831777,
          1.8992197429417277,
          0.9455371764791547,
          0.9457626738365958,
          1.2420365509176319,
          0.9474640149370971,
          1.9118240322905777,
          4.795325056872282,
          1.7864419989922742
        ],
        [
          0.9504754230281817,
          0.9939840118706638,
          0.9514394706286271,
          1.016578462459079,
          1.4396412471766762,
          0.9503574106281815,
          0.9450573865361163,
          0.950573734703179,
          2.6716896363606195,
