Map from character to field name
A:	Argentina
B:	Australia
C:	Bangladesh
D:	Belgium
E:	Brazil
F:	Bulgaria
G:	Canada
H:	Chile
I:	China
J:	Czech Republic
K:	Denmark
L:	Egypt
M:	Finland
N:	France
O:	Georgia
P:	Germany
Q:	Guatemala
R:	Hong Kong
S:	Hungary
T:	India
U:	Iran
V:	Ireland
W:	Italy
X:	Japan
Y:	Kazakhstan
Z:	Malaysia
[:	Mexico
\:	Mongolia
]:	Netherlands
^:	Nigeria
_:	Norway
`:	Peru
a:	Poland
b:	Russia
c:	South Africa
d:	South Korea
e:	Spain
f:	Sri Lanka
g:	Sweden
h:	Switzerland
i:	Taiwan
j:	Thailand
k:	United Arab Emirates
l:	United Kingdom
m:	Usa
n:	Vietnam
o:	Zambia
p:	?


Substitution rate (mu): 15.114878

Equilibrium frequencies (pi_i):
  A: 0.0247
  B: 0.0185
  C: 0.0252
  D: 0.0281
  E: 0.0204
  F: 0.025
  G: 0.0038
  H: 0.015
  I: 0.0128
  J: 0.0255
  K: 0.0259
  L: 0.0239
  M: 0.0255
  N: 0.0149
  O: 0.0258
  P: 0.0284
  Q: 0.0128
  R: 0.0118
  S: 0.0262
  T: 0.0232
  U: 0.025
  V: 0.0264
  W: 0.023
  X: 0.0125
  Y: 0.0247
  Z: 0.0227
  [: 0.0189
  \: 0.0185
  ]: 0.0254
  ^: 0.0246
  _: 0.0255
  `: 0.0206
  a: 0.0257
  b: 0.0193
  c: 0.023
  d: 0.0087
  e: 0.025
  f: 0.0254
  g: 0.0255
  h: 0.0251
  i: 0.023
  j: 0.0234
  k: 0.0245
  l: 0.0129
  m: 0.0118
  n: 0.0186
  o: 0.0228

Symmetrized rates from j->i (W_ij):
	A	B	C	D	E	F	G	H	I	J	K	L	M	N	O	P	Q	R	S	T	U	V	W	X	Y	Z	[	\	]	^	_	`	a	b	c	d	e	f	g	h	i	j	k	l	m	n	o
  A	0	0.9367	0.9363	0.9356	0.9355	0.9363	1.2778	1.176	0.9179	0.9365	0.9362	0.9365	0.9365	1.4123	0.9365	0.9344	0.9345	0.9341	0.9365	0.9358	0.9364	0.9367	0.9326	0.9391	0.9363	0.9362	0.9327	0.9289	0.9344	0.9364	0.9364	0.9359	0.9365	0.932	0.9362	0.9337	0.9336	0.9365	0.9362	0.9383	0.9358	0.9314	0.9364	0.9331	0.9926	0.93	0.9366
  B	0.9367	0	0.9431	1.0666	0.9389	0.9365	0.9666	0.9426	1.4467	0.9369	0.9366	0.9374	0.9369	0.9406	0.9372	0.9361	0.9373	0.9372	0.9367	0.9445	0.937	0.9368	0.9346	1.3674	0.9365	0.9366	0.9349	1.8665	0.9412	0.9366	0.9377	0.9367	0.9366	1.3202	0.9369	1.0013	0.9348	0.9366	0.9385	1.0797	0.9366	1.0135	0.9366	0.9632	2.5952	0.9543	0.937
  C	0.9363	0.9431	0	0.945	0.9354	0.9364	0.9184	0.9382	1.2813	0.9365	0.9363	0.9366	0.9365	0.9347	0.9366	0.9344	0.9345	0.933	0.9365	0.9369	0.9369	0.9367	0.9326	0.9397	0.9364	0.9362	0.9326	2.3788	0.9346	0.9364	0.9365	0.936	0.9365	0.9339	0.9363	0.9335	0.9336	0.9365	0.9366	0.9391	0.9358	0.9315	0.9364	0.933	0.9	1.0613	0.9366
  D	0.9356	1.0666	0.945	0	0.9348	0.9361	0.9168	0.9386	1.0284	0.936	0.9363	0.936	0.9361	0.9344	0.9372	1.9409	0.9341	0.9408	1.8465	0.9355	0.9358	0.936	2.0337	0.9401	0.9357	0.9357	0.9318	1.6816	2.205	0.9358	0.936	0.9354	0.9358	1.2111	0.9358	1.0032	1.8836	0.9359	1.2384	0.9384	0.9352	0.9307	0.9358	0.9328	0.8993	0.9678	0.9371
  E	0.9355	0.9389	0.9354	0.9348	0	0.9353	0.9258	1.0669	0.9225	0.9355	0.9353	0.9356	0.9355	1.0347	0.9356	0.9338	1.3182	1.026	0.9355	0.9352	0.9354	0.9356	0.9326	1.0676	0.9354	0.9354	0.9328	0.9306	0.934	0.9355	0.9355	0.9353	0.9355	0.9358	0.9355	0.937	0.9332	0.9355	0.9354	0.9374	0.9352	0.9316	0.9742	0.9344	1.9827	0.9312	0.9357
  F	0.9363	0.9365	0.9364	0.9361	0.9353	0	0.9184	0.9384	1.3699	0.9365	0.9362	0.9365	0.9366	0.9348	0.9366	0.9351	0.9345	0.9329	0.9365	0.9358	0.9364	0.9367	0.9329	0.9388	0.9364	0.9362	0.9327	0.9292	1.3846	0.9364	0.9364	0.9359	0.9365	0.9324	0.9363	1.0265	0.9337	0.9365	0.9363	0.9383	0.9358	0.9314	0.9364	0.933	0.9014	0.931	0.937
  G	1.2778	0.9666	0.9184	0.9168	0.9258	0.9184	0	1.2315	1.4281	0.9179	0.9178	0.9195	0.9179	0.9303	0.9179	0.917	1.0703	1.0178	0.9175	0.9202	0.9182	0.9175	0.9198	1.5441	0.9184	0.9197	1.8384	0.9347	0.9194	0.9184	0.9183	0.9212	0.9178	0.9509	0.9196	1.3207	0.9193	0.918	0.9184	0.9272	0.925	0.9197	0.9186	0.93	39.1805	1.072	0.92
  H	1.176	0.9426	0.9382	0.9386	1.0669	0.9384	1.2315	0	0.9458	0.9383	0.9382	0.9386	0.9383	1.2325	0.9384	0.9388	0.942	0.9408	0.9383	0.9385	0.9382	0.9386	0.9367	1.1294	0.9382	0.9384	0.9381	0.9369	0.9387	1.3239	0.9384	0.9385	0.9383	0.9391	0.9384	1.1998	0.9373	0.9383	0.9383	0.9402	0.9387	0.9366	1.3359	0.9399	4.1034	0.9393	0.9391
  I	0.9179	1.4467	1.2813	1.0284	0.9225	1.3699	1.4281	0.9458	0	0.9171	0.9179	0.9197	0.9171	1.6744	0.917	0.9159	0.9286	7.613	0.9166	1.2102	1.1674	0.9166	1.766	1.5937	1.3721	0.919	0.9211	6.2649	1.8871	0.9176	1.3702	0.9206	0.917	2.0603	0.919	6.5291	0.9205	0.9173	1.2362	0.9216	0.9201	1.3732	0.9177	0.9935	6.0651	8.338	0.9267
  J	0.9365	0.9369	0.9365	0.936	0.9355	0.9365	0.9179	0.9383	0.9171	0	0.9365	0.9367	0.9368	0.9347	0.9368	0.9345	0.9346	0.9324	0.9367	0.936	0.9366	0.9369	0.9327	0.9388	0.9366	0.9364	0.9327	0.9305	0.935	0.9366	0.9379	0.9361	0.9367	1.396	0.9365	0.9326	0.9337	0.9367	0.9365	0.9385	0.936	0.9315	0.9366	0.933	0.8979	0.9299	0.9368
  K	0.9362	0.9366	0.9363	0.9363	0.9353	0.9362	0.9178	0.9382	0.9179	0.9365	0	0.9364	0.9365	0.9345	0.9372	0.9363	0.9345	1.1695	0.9365	0.9357	0.9363	0.9366	1.2051	0.9388	0.9363	0.9362	0.9325	0.9286	0.9355	0.9363	0.9364	0.9359	0.9364	1.3107	0.9379	0.9327	0.9334	0.9366	1.0253	0.9383	0.9358	0.9315	0.9363	0.933	0.8981	0.9297	0.9365
  L	0.9365	0.9374	0.9366	0.936	0.9356	0.9365	0.9195	0.9386	0.9197	0.9367	0.9364	0	0.9367	0.97	0.9367	0.9347	0.9347	0.933	0.9367	0.936	0.9366	0.9369	0.9329	0.9729	0.9365	0.9364	0.9329	1.3995	0.9348	0.9366	0.9366	0.9361	0.9367	0.9379	0.9364	0.9339	0.9339	0.9367	0.9433	0.9388	0.936	0.9318	0.9366	1.1083	1.1526	0.9306	0.9367
  M	0.9365	0.9369	0.9365	0.9361	0.9355	0.9366	0.9179	0.9383	0.9171	0.9368	0.9365	0.9367	0	0.9347	0.9368	0.9347	0.9346	0.9324	0.9367	0.9361	0.9366	0.9369	0.9328	0.9388	0.9366	0.9364	0.9327	0.9302	1.0237	0.9366	0.9368	0.9361	0.9367	1.3284	0.9365	0.9327	0.9338	0.9367	0.9366	0.9385	0.936	0.9315	0.9366	0.933	0.8978	0.9299	0.9369
  N	1.4123	0.9406	0.9347	0.9344	1.0347	0.9348	0.9303	1.2325	1.6744	0.9347	0.9345	0.97	0.9347	0	0.9347	0.9443	0.9347	0.9368	0.9346	1.1676	0.9346	0.9422	1.3908	1.2846	0.9347	0.9346	0.9329	0.9343	1.3915	0.9347	0.9348	0.9346	1.4003	0.9389	0.9347	0.9991	0.9337	0.9346	0.9347	0.9368	0.9349	0.9322	0.9347	3.8076	4.5778	0.9357	0.935
  O	0.9365	0.9372	0.9366	0.9372	0.9356	0.9366	0.9179	0.9384	0.917	0.9368	0.9372	0.9367	0.9368	0.9347	0	0.9346	0.9346	0.9324	0.9368	0.9361	0.9366	0.9369	0.9327	0.939	0.9366	0.9365	0.9327	0.9289	0.9376	0.9367	0.9381	0.9362	0.9368	1.7834	0.9367	0.9328	0.9337	0.9368	1.0248	0.9386	0.936	0.9315	0.9367	0.933	0.8982	0.9299	0.9368
  P	0.9344	0.9361	0.9344	1.9409	0.9338	0.9351	0.917	0.9388	0.9159	0.9345	0.9363	0.9347	0.9347	0.9443	0.9346	0	0.9336	1.4352	1.0222	0.934	0.9344	0.9347	3.4111	1.379	0.9344	0.9345	0.9309	0.9274	2.9412	0.9345	0.9344	0.9344	0.9345	0.931	0.9345	1.3956	3.446	0.9345	0.9344	0.937	0.934	0.9305	0.9345	1.8659	0.9228	0.928	0.9368
  Q	0.9345	0.9373	0.9345	0.9341	1.3182	0.9345	1.0703	0.942	0.9286	0.9346	0.9345	0.9347	0.9346	0.9347	0.9346	0.9336	0	1.7466	0.9346	0.9344	0.9345	0.9347	0.933	0.9398	0.9345	0.9345	0.9328	0.9323	0.9336	0.9346	0.9346	0.9348	0.9346	0.9346	0.9345	0.9393	0.9333	0.9348	0.9345	0.9363	0.9349	0.9322	0.9346	0.9337	4.889	0.9331	0.9347
  R	0.9341	0.9372	0.933	0.9408	1.026	0.9329	1.0178	0.9408	7.613	0.9324	1.1695	0.933	0.9324	0.9368	0.9324	1.4352	1.7466	0	0.9324	0.933	0.9326	0.9327	1.8647	1.8042	0.9326	0.9327	0.9321	1.0063	0.9347	0.9324	0.9326	0.933	0.9324	0.9398	0.9327	1.487	0.9375	1.3955	0.9337	0.9343	1.4	1.2139	0.9324	1.7594	3.4197	1.4022	0.9334
  S	0.9365	0.9367	0.9365	1.8465	0.9355	0.9365	0.9175	0.9383	0.9166	0.9367	0.9365	0.9367	0.9367	0.9346	0.9368	1.0222	0.9346	0.9324	0	0.936	0.9366	0.9369	0.9772	0.9388	0.9366	0.9364	0.9327	0.9286	0.9352	0.9366	0.9366	0.9361	0.9367	0.932	0.9364	0.9326	0.9384	0.9367	0.9365	0.9385	0.9359	0.9314	0.9366	0.933	0.8964	0.9297	0.9368
  T	0.9358	0.9445	0.9369	0.9355	0.9352	0.9358	0.9202	0.9385	1.2102	0.936	0.9357	0.936	0.9361	1.1676	0.9361	0.934	0.9344	0.933	0.936	0	0.9359	0.9361	0.9325	0.9527	0.9359	0.9358	0.9325	1.48	0.9376	0.9359	0.936	0.9355	0.936	1.3296	0.9358	0.9496	0.9333	0.936	0.936	0.938	0.9354	0.9314	0.9359	0.9699	1.3425	1.8988	0.9361
  U	0.9364	0.937	0.9369	0.9358	0.9354	0.9364	0.9182	0.9382	1.1674	0.9366	0.9363	0.9366	0.9366	0.9346	0.9366	0.9344	0.9345	0.9326	0.9366	0.9359	0	0.9368	0.9327	0.9388	0.9365	0.9363	0.9327	1.1406	0.9345	0.9365	0.9366	0.936	0.9366	0.9322	0.9363	0.9329	0.9337	0.9366	0.9364	0.9385	0.9359	0.9315	0.9365	0.933	0.8986	0.9305	0.9367
  V	0.9367	0.9368	0.9367	0.936	0.9356	0.9367	0.9175	0.9386	0.9166	0.9369	0.9366	0.9369	0.9369	0.9422	0.9369	0.9347	0.9347	0.9327	0.9369	0.9361	0.9368	0	0.9327	0.9391	0.9367	0.9366	0.9328	0.9286	0.9347	0.9368	0.9368	0.9363	0.9369	0.932	0.9366	0.9331	0.934	0.9369	0.9366	0.9388	0.9361	0.9315	0.9368	2.3232	0.8976	0.9298	0.9369
  W	0.9326	0.9346	0.9326	2.0337	0.9326	0.9329	0.9198	0.9367	1.766	0.9327	1.2051	0.9329	0.9328	1.3908	0.9327	3.4111	0.933	1.8647	0.9772	0.9325	0.9327	0.9327	0	0.9382	0.9327	0.9328	0.9301	0.9281	2.1685	0.9327	0.9326	0.9329	0.9327	0.931	0.9328	0.9379	0.942	0.9329	0.9327	0.9345	0.9327	1.1377	0.9327	1.4098	1.3827	0.9309	0.9337
  X	0.9391	1.3674	0.9397	0.9401	1.0676	0.9388	1.5441	1.1294	1.5937	0.9388	0.9388	0.9729	0.9388	1.2846	0.939	1.379	0.9398	1.8042	0.9388	0.9527	0.9388	0.9391	0.9382	0	0.9386	0.9386	0.9381	1.2579	0.952	0.9386	0.9392	0.9387	0.9388	1.3815	0.9388	2.3689	0.9381	0.9387	0.94	1.2186	0.9392	1.0994	0.9387	1.1215	5.5205	1.3731	0.9393
  Y	0.9363	0.9365	0.9364	0.9357	0.9354	0.9364	0.9184	0.9382	1.3721	0.9366	0.9363	0.9365	0.9366	0.9347	0.9366	0.9344	0.9345	0.9326	0.9366	0.9359	0.9365	0.9367	0.9327	0.9386	0	0.9363	0.9327	0.929	0.9345	0.9365	0.9365	0.936	0.9366	0.932	0.9363	0.9329	0.9337	0.9366	0.9363	0.9383	0.9358	0.9315	0.9365	0.933	0.8991	0.9303	0.9366
  Z	0.9362	0.9366	0.9362	0.9357	0.9354	0.9362	0.9197	0.9384	0.919	0.9364	0.9362	0.9364	0.9364	0.9346	0.9365	0.9345	0.9345	0.9327	0.9364	0.9358	0.9363	0.9366	0.9328	0.9386	0.9363	0	0.9329	0.9294	0.9345	0.9363	0.9363	0.9359	0.9364	0.9324	0.9362	0.9335	0.9338	0.9364	0.9361	0.9381	0.9358	0.9318	0.9363	0.9331	1.3328	0.9305	0.9364
  [	0.9327	0.9349	0.9326	0.9318	0.9328	0.9327	1.8384	0.9381	0.9211	0.9327	0.9325	0.9329	0.9327	0.9329	0.9327	0.9309	0.9328	0.9321	0.9327	0.9325	0.9327	0.9328	0.9301	0.9381	0.9327	0.9329	0	0.9283	0.9315	0.9328	0.9327	0.9329	0.9327	0.931	0.9329	1.4236	0.9307	0.9328	0.9325	0.9345	0.9327	0.9292	0.9328	0.9319	2.2129	0.9294	0.9333
  \	0.9289	1.8665	2.3788	1.6816	0.9306	0.9292	0.9347	0.9369	6.2649	0.9305	0.9286	1.3995	0.9302	0.9343	0.9289	0.9274	0.9323	1.0063	0.9286	1.48	1.1406	0.9286	0.9281	1.2579	0.929	0.9294	0.9283	0	1.0135	0.9289	0.9312	0.9299	0.9286	5.5239	0.9296	2.2312	0.9273	0.9288	1.8412	1.2941	0.9292	1.8509	0.9289	0.9326	1.0198	2.3643	0.9335
  ]	0.9344	0.9412	0.9346	2.205	0.934	1.3846	0.9194	0.9387	1.8871	0.935	0.9355	0.9348	1.0237	1.3915	0.9376	2.9412	0.9336	0.9347	0.9352	0.9376	0.9345	0.9347	2.1685	0.952	0.9345	0.9345	0.9315	1.0135	0	0.9345	0.9357	0.9344	0.9345	2.6582	0.9348	1.67	1.3739	0.9346	1.0089	0.9366	0.9341	0.9302	0.9345	0.9327	0.9192	0.9321	1.2204
  ^	0.9364	0.9366	0.9364	0.9358	0.9355	0.9364	0.9184	1.3239	0.9176	0.9366	0.9363	0.9366	0.9366	0.9347	0.9367	0.9345	0.9346	0.9324	0.9366	0.9359	0.9365	0.9368	0.9327	0.9386	0.9365	0.9363	0.9328	0.9289	0.9345	0	0.9365	0.936	0.9366	0.9321	0.9364	0.9334	0.9337	0.9366	0.9363	0.9383	0.9359	0.9315	0.9365	0.933	1.0418	0.9301	0.9366
  _	0.9364	0.9377	0.9365	0.936	0.9355	0.9364	0.9183	0.9384	1.3702	0.9379	0.9364	0.9366	0.9368	0.9348	0.9381	0.9344	0.9346	0.9326	0.9366	0.936	0.9366	0.9368	0.9326	0.9392	0.9365	0.9363	0.9327	0.9312	0.9357	0.9365	0	0.9361	0.9366	2.3283	0.9366	0.9333	0.9336	0.9366	0.9373	0.9385	0.9359	0.9314	0.9365	0.933	0.9006	0.9303	0.9367
  `	0.9359	0.9367	0.936	0.9354	0.9353	0.9359	0.9212	0.9385	0.9206	0.9361	0.9359	0.9361	0.9361	0.9346	0.9362	0.9344	0.9348	0.933	0.9361	0.9355	0.936	0.9363	0.9329	0.9387	0.936	0.9359	0.9329	0.9299	0.9344	0.936	0.9361	0	0.9361	0.9328	0.9359	0.9343	0.9337	0.9361	0.9359	0.9378	0.9356	0.9319	0.936	0.9332	1.7748	0.931	0.9361
  a	0.9365	0.9366	0.9365	0.9358	0.9355	0.9365	0.9178	0.9383	0.917	0.9367	0.9364	0.9367	0.9367	1.4003	0.9368	0.9345	0.9346	0.9324	0.9367	0.936	0.9366	0.9369	0.9327	0.9388	0.9366	0.9364	0.9327	0.9286	0.9345	0.9366	0.9366	0.9361	0	0.9319	0.9364	0.9327	0.9337	0.9367	0.9364	0.9385	0.936	0.9314	0.9366	0.933	0.8974	0.9298	0.9368
  b	0.932	1.3202	0.9339	1.2111	0.9358	0.9324	0.9509	0.9391	2.0603	1.396	1.3107	0.9379	1.3284	0.9389	1.7834	0.931	0.9346	0.9398	0.932	1.3296	0.9322	0.932	0.931	1.3815	0.932	0.9324	0.931	5.5239	2.6582	0.9321	2.3283	0.9328	0.9319	0	1.3268	1.4046	0.9305	0.9319	2.0507	0.9364	0.9325	0.9293	0.9321	0.9356	1.765	0.9571	0.934
  c	0.9362	0.9369	0.9363	0.9358	0.9355	0.9363	0.9196	0.9384	0.919	0.9365	0.9379	0.9364	0.9365	0.9347	0.9367	0.9345	0.9345	0.9327	0.9364	0.9358	0.9363	0.9366	0.9328	0.9388	0.9363	0.9362	0.9329	0.9296	0.9348	0.9364	0.9366	0.9359	0.9364	1.3268	0	0.9336	0.9338	0.9365	1.0105	0.9382	0.9358	0.9317	0.9364	0.9331	1.3329	0.9305	0.9365
  d	0.9337	1.0013	0.9335	1.0032	0.937	1.0265	1.3207	1.1998	6.5291	0.9326	0.9327	0.9339	0.9327	0.9991	0.9328	1.3956	0.9393	1.487	0.9326	0.9496	0.9329	0.9331	0.9379	2.3689	0.9329	0.9335	1.4236	2.2312	1.67	0.9334	0.9333	0.9343	0.9327	1.4046	0.9336	0	1.1323	0.9327	0.9339	0.9355	0.9422	1.2599	0.9335	1.1781	10.3472	2.2697	1.1855
  e	0.9336	0.9348	0.9336	1.8836	0.9332	0.9337	0.9193	0.9373	0.9205	0.9337	0.9334	0.9339	0.9338	0.9337	0.9337	3.446	0.9333	0.9375	0.9384	0.9333	0.9337	0.934	0.942	0.9381	0.9337	0.9338	0.9307	0.9273	1.3739	0.9337	0.9336	0.9337	0.9337	0.9305	0.9338	1.1323	0	0.9337	0.9336	0.9356	0.9334	0.929	0.9337	0.9938	1.0835	0.9284	0.9345
  f	0.9365	0.9366	0.9365	0.9359	0.9355	0.9365	0.918	0.9383	0.9173	0.9367	0.9366	0.9367	0.9367	0.9346	0.9368	0.9345	0.9348	1.3955	0.9367	0.936	0.9366	0.9369	0.9329	0.9387	0.9366	0.9364	0.9328	0.9288	0.9346	0.9366	0.9366	0.9361	0.9367	0.9319	0.9365	0.9327	0.9337	0	0.9364	0.9385	0.936	0.9316	0.9366	0.9331	0.8981	0.93	0.9368
  g	0.9362	0.9385	0.9366	1.2384	0.9354	0.9363	0.9184	0.9383	1.2362	0.9365	1.0253	0.9433	0.9366	0.9347	1.0248	0.9344	0.9345	0.9337	0.9365	0.936	0.9364	0.9366	0.9327	0.94	0.9363	0.9361	0.9325	1.8412	1.0089	0.9363	0.9373	0.9359	0.9364	2.0507	1.0105	0.9339	0.9336	0.9364	0	0.9389	0.9357	0.9314	0.9363	0.9329	0.9015	0.9312	0.9367
  h	0.9383	1.0797	0.9391	0.9384	0.9374	0.9383	0.9272	0.9402	0.9216	0.9385	0.9383	0.9388	0.9385	0.9368	0.9386	0.937	0.9363	0.9343	0.9385	0.938	0.9385	0.9388	0.9345	1.2186	0.9383	0.9381	0.9345	1.2941	0.9366	0.9383	0.9385	0.9378	0.9385	0.9364	0.9382	0.9355	0.9356	0.9385	0.9389	0	0.9377	0.9341	0.9383	0.9349	0.9298	0.9327	0.9385
  i	0.9358	0.9366	0.9358	0.9352	0.9352	0.9358	0.925	0.9387	0.9201	0.936	0.9358	0.936	0.936	0.9349	0.936	0.934	0.9349	1.4	0.9359	0.9354	0.9359	0.9361	0.9327	0.9392	0.9358	0.9358	0.9327	0.9292	0.9341	0.9359	0.9359	0.9356	0.936	0.9325	0.9358	0.9422	0.9334	0.936	0.9357	0.9377	0	0.9315	0.9359	0.9338	1.3184	0.9304	0.9361
  j	0.9314	1.0135	0.9315	0.9307	0.9316	0.9314	0.9197	0.9366	1.3732	0.9315	0.9315	0.9318	0.9315	0.9322	0.9315	0.9305	0.9322	1.2139	0.9314	0.9314	0.9315	0.9315	1.1377	1.0994	0.9315	0.9318	0.9292	1.8509	0.9302	0.9315	0.9314	0.9319	0.9314	0.9293	0.9317	1.2599	0.929	0.9316	0.9314	0.9341	0.9315	0	0.9316	1.3923	1.3524	0.9279	0.9322
  k	0.9364	0.9366	0.9364	0.9358	0.9742	0.9364	0.9186	1.3359	0.9177	0.9366	0.9363	0.9366	0.9366	0.9347	0.9367	0.9345	0.9346	0.9324	0.9366	0.9359	0.9365	0.9368	0.9327	0.9387	0.9365	0.9363	0.9328	0.9289	0.9345	0.9365	0.9365	0.936	0.9366	0.9321	0.9364	0.9335	0.9337	0.9366	0.9363	0.9383	0.9359	0.9316	0	0.9331	1.0573	0.9301	0.9366
  l	0.9331	0.9632	0.933	0.9328	0.9344	0.933	0.93	0.9399	0.9935	0.933	0.933	1.1083	0.933	3.8076	0.933	1.8659	0.9337	1.7594	0.933	0.9699	0.933	2.3232	1.4098	1.1215	0.933	0.9331	0.9319	0.9326	0.9327	0.933	0.933	0.9332	0.933	0.9356	0.9331	1.1781	0.9938	0.9331	0.9329	0.9349	0.9338	1.3923	0.9331	0	4.9041	0.9325	0.9334
  m	0.9926	2.5952	0.9	0.8993	1.9827	0.9014	39.1805	4.1034	6.0651	0.8979	0.8981	1.1526	0.8978	4.5778	0.8982	0.9228	4.889	3.4197	0.8964	1.3425	0.8986	0.8976	1.3827	5.5205	0.8991	1.3328	2.2129	1.0198	0.9192	1.0418	0.9006	1.7748	0.8974	1.765	1.3329	10.3472	1.0835	0.8981	0.9015	0.9298	1.3184	1.3524	1.0573	4.9041	0	1.5045	1.3381
  n	0.93	0.9543	1.0613	0.9678	0.9312	0.931	1.072	0.9393	8.338	0.9299	0.9297	0.9306	0.9299	0.9357	0.9299	0.928	0.9331	1.4022	0.9297	1.8988	0.9305	0.9298	0.9309	1.3731	0.9303	0.9305	0.9294	2.3643	0.9321	0.9301	0.9303	0.931	0.9298	0.9571	0.9305	2.2697	0.9284	0.93	0.9312	0.9327	0.9304	0.9279	0.9301	0.9325	1.5045	0	0.9314
  o	0.9366	0.937	0.9366	0.9371	0.9357	0.937	0.92	0.9391	0.9267	0.9368	0.9365	0.9367	0.9369	0.935	0.9368	0.9368	0.9347	0.9334	0.9368	0.9361	0.9367	0.9369	0.9337	0.9393	0.9366	0.9364	0.9333	0.9335	1.2204	0.9366	0.9367	0.9361	0.9368	0.934	0.9365	1.1855	0.9345	0.9368	0.9367	0.9385	0.9361	0.9322	0.9366	0.9334	1.3381	0.9314	0

Actual rates from j->i (Q_ij):
	A	B	C	D	E	F	G	H	I	J	K	L	M	N	O	P	Q	R	S	T	U	V	W	X	Y	Z	[	\	]	^	_	`	a	b	c	d	e	f	g	h	i	j	k	l	m	n	o
  A	0	0.0232	0.0232	0.0232	0.0232	0.0232	0.0316	0.0291	0.0227	0.0232	0.0232	0.0232	0.0232	0.035	0.0232	0.0231	0.0231	0.0231	0.0232	0.0232	0.0232	0.0232	0.0231	0.0232	0.0232	0.0232	0.0231	0.023	0.0231	0.0232	0.0232	0.0232	0.0232	0.0231	0.0232	0.0231	0.0231	0.0232	0.0232	0.0232	0.0232	0.0231	0.0232	0.0231	0.0246	0.023	0.0232
  B	0.0173	0	0.0175	0.0197	0.0174	0.0173	0.0179	0.0175	0.0268	0.0173	0.0173	0.0174	0.0173	0.0174	0.0174	0.0173	0.0174	0.0174	0.0173	0.0175	0.0173	0.0173	0.0173	0.0253	0.0173	0.0173	0.0173	0.0346	0.0174	0.0173	0.0174	0.0173	0.0173	0.0244	0.0173	0.0185	0.0173	0.0173	0.0174	0.02	0.0173	0.0188	0.0173	0.0178	0.048	0.0177	0.0173
  C	0.0236	0.0237	0	0.0238	0.0235	0.0236	0.0231	0.0236	0.0322	0.0236	0.0236	0.0236	0.0236	0.0235	0.0236	0.0235	0.0235	0.0235	0.0236	0.0236	0.0236	0.0236	0.0235	0.0236	0.0236	0.0236	0.0235	0.0598	0.0235	0.0236	0.0236	0.0235	0.0236	0.0235	0.0236	0.0235	0.0235	0.0236	0.0236	0.0236	0.0235	0.0234	0.0236	0.0235	0.0226	0.0267	0.0236
  D	0.0263	0.0299	0.0265	0	0.0262	0.0263	0.0257	0.0263	0.0289	0.0263	0.0263	0.0263	0.0263	0.0262	0.0263	0.0545	0.0262	0.0264	0.0518	0.0262	0.0263	0.0263	0.0571	0.0264	0.0263	0.0263	0.0261	0.0472	0.0619	0.0263	0.0263	0.0262	0.0263	0.034	0.0263	0.0281	0.0528	0.0263	0.0347	0.0263	0.0262	0.0261	0.0263	0.0262	0.0252	0.0272	0.0263
  E	0.0191	0.0191	0.0191	0.0191	0	0.0191	0.0189	0.0218	0.0188	0.0191	0.0191	0.0191	0.0191	0.0211	0.0191	0.019	0.0269	0.0209	0.0191	0.0191	0.0191	0.0191	0.019	0.0218	0.0191	0.0191	0.019	0.019	0.019	0.0191	0.0191	0.0191	0.0191	0.0191	0.0191	0.0191	0.019	0.0191	0.0191	0.0191	0.0191	0.019	0.0199	0.019	0.0404	0.019	0.0191
  F	0.0234	0.0234	0.0234	0.0234	0.0234	0	0.023	0.0235	0.0343	0.0234	0.0234	0.0234	0.0234	0.0234	0.0234	0.0234	0.0234	0.0233	0.0234	0.0234	0.0234	0.0234	0.0233	0.0235	0.0234	0.0234	0.0233	0.0232	0.0346	0.0234	0.0234	0.0234	0.0234	0.0233	0.0234	0.0257	0.0234	0.0234	0.0234	0.0235	0.0234	0.0233	0.0234	0.0233	0.0225	0.0233	0.0234
  G	0.0048	0.0036	0.0035	0.0034	0.0035	0.0035	0	0.0046	0.0054	0.0035	0.0035	0.0035	0.0035	0.0035	0.0035	0.0034	0.004	0.0038	0.0035	0.0035	0.0035	0.0035	0.0035	0.0058	0.0035	0.0035	0.0069	0.0035	0.0035	0.0035	0.0035	0.0035	0.0035	0.0036	0.0035	0.005	0.0035	0.0035	0.0035	0.0035	0.0035	0.0035	0.0035	0.0035	0.1474	0.004	0.0035
  H	0.0177	0.0142	0.0141	0.0141	0.016	0.0141	0.0185	0	0.0142	0.0141	0.0141	0.0141	0.0141	0.0185	0.0141	0.0141	0.0142	0.0142	0.0141	0.0141	0.0141	0.0141	0.0141	0.017	0.0141	0.0141	0.0141	0.0141	0.0141	0.0199	0.0141	0.0141	0.0141	0.0141	0.0141	0.018	0.0141	0.0141	0.0141	0.0141	0.0141	0.0141	0.0201	0.0141	0.0617	0.0141	0.0141
  I	0.0117	0.0185	0.0164	0.0131	0.0118	0.0175	0.0182	0.0121	0	0.0117	0.0117	0.0117	0.0117	0.0214	0.0117	0.0117	0.0119	0.0973	0.0117	0.0155	0.0149	0.0117	0.0226	0.0204	0.0175	0.0117	0.0118	0.08	0.0241	0.0117	0.0175	0.0118	0.0117	0.0263	0.0117	0.0834	0.0118	0.0117	0.0158	0.0118	0.0118	0.0175	0.0117	0.0127	0.0775	0.1065	0.0118
  J	0.0239	0.0239	0.0239	0.0239	0.0239	0.0239	0.0234	0.024	0.0234	0	0.0239	0.0239	0.0239	0.0239	0.0239	0.0239	0.0239	0.0238	0.0239	0.0239	0.0239	0.0239	0.0238	0.024	0.0239	0.0239	0.0238	0.0238	0.0239	0.0239	0.0239	0.0239	0.0239	0.0356	0.0239	0.0238	0.0238	0.0239	0.0239	0.024	0.0239	0.0238	0.0239	0.0238	0.0229	0.0237	0.0239
  K	0.0242	0.0242	0.0242	0.0242	0.0242	0.0242	0.0237	0.0243	0.0237	0.0242	0	0.0242	0.0242	0.0242	0.0242	0.0242	0.0242	0.0302	0.0242	0.0242	0.0242	0.0242	0.0312	0.0243	0.0242	0.0242	0.0241	0.024	0.0242	0.0242	0.0242	0.0242	0.0242	0.0339	0.0243	0.0241	0.0241	0.0242	0.0265	0.0243	0.0242	0.0241	0.0242	0.0241	0.0232	0.024	0.0242
  L	0.0224	0.0224	0.0224	0.0224	0.0224	0.0224	0.022	0.0225	0.022	0.0224	0.0224	0	0.0224	0.0232	0.0224	0.0224	0.0224	0.0223	0.0224	0.0224	0.0224	0.0224	0.0223	0.0233	0.0224	0.0224	0.0223	0.0335	0.0224	0.0224	0.0224	0.0224	0.0224	0.0225	0.0224	0.0224	0.0224	0.0224	0.0226	0.0225	0.0224	0.0223	0.0224	0.0265	0.0276	0.0223	0.0224
  M	0.0239	0.0239	0.0239	0.0239	0.0239	0.0239	0.0234	0.024	0.0234	0.0239	0.0239	0.0239	0	0.0239	0.0239	0.0239	0.0239	0.0238	0.0239	0.0239	0.0239	0.0239	0.0238	0.024	0.0239	0.0239	0.0238	0.0238	0.0261	0.0239	0.0239	0.0239	0.0239	0.0339	0.0239	0.0238	0.0239	0.0239	0.0239	0.024	0.0239	0.0238	0.0239	0.0238	0.0229	0.0238	0.0239
  N	0.0211	0.014	0.014	0.0139	0.0154	0.014	0.0139	0.0184	0.025	0.014	0.0139	0.0145	0.014	0	0.014	0.0141	0.014	0.014	0.0139	0.0174	0.0139	0.0141	0.0208	0.0192	0.014	0.0139	0.0139	0.0139	0.0208	0.014	0.014	0.0139	0.0209	0.014	0.014	0.0149	0.0139	0.0139	0.014	0.014	0.014	0.0139	0.014	0.0568	0.0683	0.014	0.014
  O	0.0242	0.0242	0.0242	0.0242	0.0242	0.0242	0.0237	0.0242	0.0237	0.0242	0.0242	0.0242	0.0242	0.0241	0	0.0241	0.0241	0.0241	0.0242	0.0242	0.0242	0.0242	0.0241	0.0242	0.0242	0.0242	0.0241	0.024	0.0242	0.0242	0.0242	0.0242	0.0242	0.0461	0.0242	0.0241	0.0241	0.0242	0.0265	0.0242	0.0242	0.0241	0.0242	0.0241	0.0232	0.024	0.0242
  P	0.0265	0.0265	0.0265	0.055	0.0265	0.0265	0.026	0.0266	0.026	0.0265	0.0265	0.0265	0.0265	0.0268	0.0265	0	0.0265	0.0407	0.029	0.0265	0.0265	0.0265	0.0967	0.0391	0.0265	0.0265	0.0264	0.0263	0.0834	0.0265	0.0265	0.0265	0.0265	0.0264	0.0265	0.0396	0.0977	0.0265	0.0265	0.0266	0.0265	0.0264	0.0265	0.0529	0.0262	0.0263	0.0266
  Q	0.0119	0.012	0.0119	0.0119	0.0169	0.0119	0.0137	0.012	0.0119	0.012	0.0119	0.012	0.012	0.012	0.012	0.0119	0	0.0223	0.0119	0.0119	0.0119	0.012	0.0119	0.012	0.0119	0.0119	0.0119	0.0119	0.0119	0.0119	0.0119	0.012	0.012	0.012	0.0119	0.012	0.0119	0.012	0.0119	0.012	0.012	0.0119	0.012	0.0119	0.0625	0.0119	0.012
  R	0.011	0.0111	0.011	0.0111	0.0121	0.011	0.012	0.0111	0.09	0.011	0.0138	0.011	0.011	0.0111	0.011	0.017	0.0207	0	0.011	0.011	0.011	0.011	0.0221	0.0213	0.011	0.011	0.011	0.0119	0.0111	0.011	0.011	0.011	0.011	0.0111	0.011	0.0176	0.0111	0.0165	0.011	0.0111	0.0166	0.0144	0.011	0.0208	0.0404	0.0166	0.011
  S	0.0245	0.0245	0.0245	0.0483	0.0245	0.0245	0.024	0.0245	0.024	0.0245	0.0245	0.0245	0.0245	0.0244	0.0245	0.0267	0.0244	0.0244	0	0.0245	0.0245	0.0245	0.0256	0.0246	0.0245	0.0245	0.0244	0.0243	0.0245	0.0245	0.0245	0.0245	0.0245	0.0244	0.0245	0.0244	0.0245	0.0245	0.0245	0.0245	0.0245	0.0244	0.0245	0.0244	0.0234	0.0243	0.0245
  T	0.0217	0.0219	0.0217	0.0217	0.0217	0.0217	0.0213	0.0218	0.0281	0.0217	0.0217	0.0217	0.0217	0.0271	0.0217	0.0217	0.0217	0.0216	0.0217	0	0.0217	0.0217	0.0216	0.0221	0.0217	0.0217	0.0216	0.0343	0.0217	0.0217	0.0217	0.0217	0.0217	0.0308	0.0217	0.022	0.0216	0.0217	0.0217	0.0217	0.0217	0.0216	0.0217	0.0225	0.0311	0.044	0.0217
  U	0.0234	0.0235	0.0235	0.0234	0.0234	0.0234	0.023	0.0235	0.0292	0.0234	0.0234	0.0234	0.0234	0.0234	0.0234	0.0234	0.0234	0.0233	0.0234	0.0234	0	0.0234	0.0233	0.0235	0.0234	0.0234	0.0233	0.0286	0.0234	0.0234	0.0234	0.0234	0.0234	0.0233	0.0234	0.0234	0.0234	0.0234	0.0234	0.0235	0.0234	0.0233	0.0234	0.0234	0.0225	0.0233	0.0234
  V	0.0248	0.0248	0.0248	0.0248	0.0247	0.0248	0.0243	0.0248	0.0242	0.0248	0.0248	0.0248	0.0248	0.0249	0.0248	0.0247	0.0247	0.0247	0.0248	0.0248	0.0248	0	0.0247	0.0248	0.0248	0.0248	0.0247	0.0246	0.0247	0.0248	0.0248	0.0248	0.0248	0.0246	0.0248	0.0247	0.0247	0.0248	0.0248	0.0248	0.0248	0.0246	0.0248	0.0614	0.0237	0.0246	0.0248
  W	0.0214	0.0215	0.0214	0.0467	0.0214	0.0214	0.0211	0.0215	0.0406	0.0214	0.0277	0.0214	0.0214	0.0319	0.0214	0.0783	0.0214	0.0428	0.0224	0.0214	0.0214	0.0214	0	0.0215	0.0214	0.0214	0.0214	0.0213	0.0498	0.0214	0.0214	0.0214	0.0214	0.0214	0.0214	0.0215	0.0216	0.0214	0.0214	0.0215	0.0214	0.0261	0.0214	0.0324	0.0318	0.0214	0.0214
  X	0.0117	0.0171	0.0117	0.0118	0.0133	0.0117	0.0193	0.0141	0.0199	0.0117	0.0117	0.0122	0.0117	0.0161	0.0117	0.0172	0.0117	0.0226	0.0117	0.0119	0.0117	0.0117	0.0117	0	0.0117	0.0117	0.0117	0.0157	0.0119	0.0117	0.0117	0.0117	0.0117	0.0173	0.0117	0.0296	0.0117	0.0117	0.0118	0.0152	0.0117	0.0137	0.0117	0.014	0.069	0.0172	0.0117
  Y	0.0232	0.0232	0.0232	0.0232	0.0231	0.0232	0.0227	0.0232	0.034	0.0232	0.0232	0.0232	0.0232	0.0231	0.0232	0.0231	0.0231	0.0231	0.0232	0.0232	0.0232	0.0232	0.0231	0.0232	0	0.0232	0.0231	0.023	0.0231	0.0232	0.0232	0.0232	0.0232	0.0231	0.0232	0.0231	0.0231	0.0232	0.0232	0.0232	0.0232	0.0231	0.0232	0.0231	0.0223	0.023	0.0232
  Z	0.0212	0.0212	0.0212	0.0212	0.0212	0.0212	0.0209	0.0213	0.0208	0.0212	0.0212	0.0212	0.0212	0.0212	0.0212	0.0212	0.0212	0.0212	0.0212	0.0212	0.0212	0.0212	0.0212	0.0213	0.0212	0	0.0212	0.0211	0.0212	0.0212	0.0212	0.0212	0.0212	0.0211	0.0212	0.0212	0.0212	0.0212	0.0212	0.0213	0.0212	0.0211	0.0212	0.0212	0.0302	0.0211	0.0212
  [	0.0177	0.0177	0.0177	0.0176	0.0177	0.0177	0.0348	0.0178	0.0174	0.0177	0.0177	0.0177	0.0177	0.0177	0.0177	0.0176	0.0177	0.0176	0.0177	0.0177	0.0177	0.0177	0.0176	0.0178	0.0177	0.0177	0	0.0176	0.0176	0.0177	0.0177	0.0177	0.0177	0.0176	0.0177	0.027	0.0176	0.0177	0.0177	0.0177	0.0177	0.0176	0.0177	0.0176	0.0419	0.0176	0.0177
  \	0.0172	0.0346	0.0441	0.0311	0.0172	0.0172	0.0173	0.0173	0.116	0.0172	0.0172	0.0259	0.0172	0.0173	0.0172	0.0172	0.0173	0.0186	0.0172	0.0274	0.0211	0.0172	0.0172	0.0233	0.0172	0.0172	0.0172	0	0.0188	0.0172	0.0172	0.0172	0.0172	0.1023	0.0172	0.0413	0.0172	0.0172	0.0341	0.024	0.0172	0.0343	0.0172	0.0173	0.0189	0.0438	0.0173
  ]	0.0237	0.0239	0.0237	0.056	0.0237	0.0351	0.0233	0.0238	0.0479	0.0237	0.0237	0.0237	0.026	0.0353	0.0238	0.0747	0.0237	0.0237	0.0237	0.0238	0.0237	0.0237	0.055	0.0242	0.0237	0.0237	0.0236	0.0257	0	0.0237	0.0238	0.0237	0.0237	0.0675	0.0237	0.0424	0.0349	0.0237	0.0256	0.0238	0.0237	0.0236	0.0237	0.0237	0.0233	0.0237	0.031
  ^	0.023	0.023	0.023	0.023	0.023	0.023	0.0226	0.0325	0.0226	0.023	0.023	0.023	0.023	0.023	0.023	0.023	0.023	0.0229	0.023	0.023	0.023	0.023	0.0229	0.0231	0.023	0.023	0.0229	0.0228	0.023	0	0.023	0.023	0.023	0.0229	0.023	0.0229	0.023	0.023	0.023	0.0231	0.023	0.0229	0.023	0.0229	0.0256	0.0229	0.023
  _	0.0239	0.0239	0.0239	0.0239	0.0239	0.0239	0.0234	0.0239	0.0349	0.0239	0.0239	0.0239	0.0239	0.0238	0.0239	0.0238	0.0238	0.0238	0.0239	0.0239	0.0239	0.0239	0.0238	0.0239	0.0239	0.0239	0.0238	0.0237	0.0239	0.0239	0	0.0239	0.0239	0.0594	0.0239	0.0238	0.0238	0.0239	0.0239	0.0239	0.0239	0.0238	0.0239	0.0238	0.023	0.0237	0.0239
  `	0.0193	0.0193	0.0193	0.0193	0.0193	0.0193	0.019	0.0194	0.019	0.0193	0.0193	0.0193	0.0193	0.0193	0.0193	0.0193	0.0193	0.0192	0.0193	0.0193	0.0193	0.0193	0.0192	0.0194	0.0193	0.0193	0.0192	0.0192	0.0193	0.0193	0.0193	0	0.0193	0.0192	0.0193	0.0193	0.0193	0.0193	0.0193	0.0193	0.0193	0.0192	0.0193	0.0193	0.0366	0.0192	0.0193
  a	0.0241	0.0241	0.0241	0.0241	0.024	0.0241	0.0236	0.0241	0.0236	0.0241	0.0241	0.0241	0.0241	0.036	0.0241	0.024	0.024	0.024	0.0241	0.0241	0.0241	0.0241	0.024	0.0241	0.0241	0.0241	0.024	0.0239	0.024	0.0241	0.0241	0.0241	0	0.0239	0.0241	0.024	0.024	0.0241	0.0241	0.0241	0.0241	0.0239	0.0241	0.024	0.0231	0.0239	0.0241
  b	0.018	0.0255	0.018	0.0234	0.0181	0.018	0.0184	0.0181	0.0398	0.027	0.0253	0.0181	0.0256	0.0181	0.0344	0.018	0.018	0.0181	0.018	0.0257	0.018	0.018	0.018	0.0267	0.018	0.018	0.018	0.1066	0.0513	0.018	0.0449	0.018	0.018	0	0.0256	0.0271	0.018	0.018	0.0396	0.0181	0.018	0.0179	0.018	0.0181	0.0341	0.0185	0.018
  c	0.0215	0.0215	0.0215	0.0215	0.0215	0.0215	0.0211	0.0216	0.0211	0.0215	0.0215	0.0215	0.0215	0.0215	0.0215	0.0215	0.0215	0.0214	0.0215	0.0215	0.0215	0.0215	0.0214	0.0216	0.0215	0.0215	0.0214	0.0213	0.0215	0.0215	0.0215	0.0215	0.0215	0.0305	0	0.0214	0.0214	0.0215	0.0232	0.0215	0.0215	0.0214	0.0215	0.0214	0.0306	0.0214	0.0215
  d	0.0081	0.0087	0.0081	0.0087	0.0081	0.0089	0.0115	0.0104	0.0566	0.0081	0.0081	0.0081	0.0081	0.0087	0.0081	0.0121	0.0081	0.0129	0.0081	0.0082	0.0081	0.0081	0.0081	0.0206	0.0081	0.0081	0.0124	0.0194	0.0145	0.0081	0.0081	0.0081	0.0081	0.0122	0.0081	0	0.0098	0.0081	0.0081	0.0081	0.0082	0.0109	0.0081	0.0102	0.0898	0.0197	0.0103
  e	0.0234	0.0234	0.0234	0.0471	0.0233	0.0234	0.023	0.0234	0.023	0.0234	0.0233	0.0234	0.0234	0.0234	0.0234	0.0862	0.0233	0.0235	0.0235	0.0233	0.0234	0.0234	0.0236	0.0235	0.0234	0.0234	0.0233	0.0232	0.0344	0.0234	0.0234	0.0234	0.0234	0.0233	0.0234	0.0283	0	0.0234	0.0234	0.0234	0.0233	0.0232	0.0234	0.0249	0.0271	0.0232	0.0234
  f	0.0238	0.0238	0.0238	0.0238	0.0238	0.0238	0.0234	0.0239	0.0233	0.0238	0.0238	0.0238	0.0238	0.0238	0.0238	0.0238	0.0238	0.0355	0.0238	0.0238	0.0238	0.0238	0.0237	0.0239	0.0238	0.0238	0.0237	0.0236	0.0238	0.0238	0.0238	0.0238	0.0238	0.0237	0.0238	0.0237	0.0238	0	0.0238	0.0239	0.0238	0.0237	0.0238	0.0237	0.0228	0.0237	0.0238
  g	0.0239	0.0239	0.0239	0.0316	0.0239	0.0239	0.0234	0.0239	0.0315	0.0239	0.0262	0.0241	0.0239	0.0239	0.0262	0.0238	0.0238	0.0238	0.0239	0.0239	0.0239	0.0239	0.0238	0.024	0.0239	0.0239	0.0238	0.047	0.0257	0.0239	0.0239	0.0239	0.0239	0.0523	0.0258	0.0238	0.0238	0.0239	0	0.024	0.0239	0.0238	0.0239	0.0238	0.023	0.0238	0.0239
  h	0.0235	0.0271	0.0235	0.0235	0.0235	0.0235	0.0232	0.0236	0.0231	0.0235	0.0235	0.0235	0.0235	0.0235	0.0235	0.0235	0.0235	0.0234	0.0235	0.0235	0.0235	0.0235	0.0234	0.0305	0.0235	0.0235	0.0234	0.0324	0.0235	0.0235	0.0235	0.0235	0.0235	0.0235	0.0235	0.0234	0.0234	0.0235	0.0235	0	0.0235	0.0234	0.0235	0.0234	0.0233	0.0234	0.0235
  i	0.0215	0.0215	0.0215	0.0215	0.0215	0.0215	0.0213	0.0216	0.0212	0.0215	0.0215	0.0215	0.0215	0.0215	0.0215	0.0215	0.0215	0.0322	0.0215	0.0215	0.0215	0.0215	0.0215	0.0216	0.0215	0.0215	0.0215	0.0214	0.0215	0.0215	0.0215	0.0215	0.0215	0.0214	0.0215	0.0217	0.0215	0.0215	0.0215	0.0216	0	0.0214	0.0215	0.0215	0.0303	0.0214	0.0215
  j	0.0218	0.0237	0.0218	0.0218	0.0218	0.0218	0.0215	0.0219	0.0322	0.0218	0.0218	0.0218	0.0218	0.0218	0.0218	0.0218	0.0218	0.0284	0.0218	0.0218	0.0218	0.0218	0.0267	0.0258	0.0218	0.0218	0.0218	0.0434	0.0218	0.0218	0.0218	0.0218	0.0218	0.0218	0.0218	0.0295	0.0218	0.0218	0.0218	0.0219	0.0218	0	0.0218	0.0326	0.0317	0.0217	0.0218
  k	0.0229	0.0229	0.0229	0.0229	0.0238	0.0229	0.0225	0.0327	0.0225	0.0229	0.0229	0.0229	0.0229	0.0229	0.0229	0.0229	0.0229	0.0228	0.0229	0.0229	0.0229	0.0229	0.0228	0.023	0.0229	0.0229	0.0228	0.0227	0.0229	0.0229	0.0229	0.0229	0.0229	0.0228	0.0229	0.0228	0.0228	0.0229	0.0229	0.023	0.0229	0.0228	0	0.0228	0.0259	0.0228	0.0229
  l	0.012	0.0124	0.012	0.012	0.0121	0.012	0.012	0.0121	0.0128	0.012	0.012	0.0143	0.012	0.0491	0.012	0.0241	0.0121	0.0227	0.012	0.0125	0.012	0.03	0.0182	0.0145	0.012	0.012	0.012	0.012	0.012	0.012	0.012	0.012	0.012	0.0121	0.012	0.0152	0.0128	0.012	0.012	0.0121	0.0121	0.018	0.012	0	0.0633	0.012	0.012
  m	0.0117	0.0307	0.0106	0.0106	0.0234	0.0106	0.4629	0.0485	0.0716	0.0106	0.0106	0.0136	0.0106	0.0541	0.0106	0.0109	0.0578	0.0404	0.0106	0.0159	0.0106	0.0106	0.0163	0.0652	0.0106	0.0157	0.0261	0.012	0.0109	0.0123	0.0106	0.021	0.0106	0.0209	0.0157	0.1222	0.0128	0.0106	0.0106	0.011	0.0156	0.016	0.0125	0.0579	0	0.0178	0.0158
  n	0.0173	0.0178	0.0198	0.018	0.0173	0.0173	0.02	0.0175	0.1553	0.0173	0.0173	0.0173	0.0173	0.0174	0.0173	0.0173	0.0174	0.0261	0.0173	0.0354	0.0173	0.0173	0.0173	0.0256	0.0173	0.0173	0.0173	0.044	0.0174	0.0173	0.0173	0.0173	0.0173	0.0178	0.0173	0.0423	0.0173	0.0173	0.0173	0.0174	0.0173	0.0173	0.0173	0.0174	0.028	0	0.0174
  o	0.0213	0.0213	0.0213	0.0213	0.0213	0.0213	0.0209	0.0214	0.0211	0.0213	0.0213	0.0213	0.0213	0.0213	0.0213	0.0213	0.0213	0.0213	0.0213	0.0213	0.0213	0.0213	0.0213	0.0214	0.0213	0.0213	0.0212	0.0213	0.0278	0.0213	0.0213	0.0213	0.0213	0.0213	0.0213	0.027	0.0213	0.0213	0.0213	0.0214	0.0213	0.0212	0.0213	0.0213	0.0305	0.0212	0
