Map from character to field name
A:	Avian
B:	Camel
C:	Canine
D:	Equine
E:	Feline
F:	Mink
G:	Seal
H:	Swine
I:	?


Substitution rate (mu): 1.640702

Equilibrium frequencies (pi_i):
  A: 0.1477
  B: 0.1349
  C: 0.1277
  D: 0.1178
  E: 0.1714
  F: 0.1202
  G: 0.1092
  H: 0.0711

Symmetrized rates from j->i (W_ij):
	A	B	C	D	E	F	G	H
  A	0	0.6423	1.2912	0.9824	0.5855	0.6683	1.3776	4.1862
  B	0.6423	0	0.9768	1.4422	0.9972	0.9978	0.9958	0.7393
  C	1.2912	0.9768	0	1.4189	2.4268	0.9789	0.9787	1.4865
  D	0.9824	1.4422	1.4189	0	0.9511	0.965	0.9663	0.7548
  E	0.5855	0.9972	2.4268	0.9511	0	0.9971	0.9945	1.0359
  F	0.6683	0.9978	0.9789	0.965	0.9971	0	0.9959	1.5215
  G	1.3776	0.9958	0.9787	0.9663	0.9945	0.9959	0	0.777
  H	4.1862	0.7393	1.4865	0.7548	1.0359	1.5215	0.777	0

Actual rates from j->i (Q_ij):
	A	B	C	D	E	F	G	H
  A	0	0.0949	0.1907	0.1451	0.0865	0.0987	0.2035	0.6183
  B	0.0866	0	0.1318	0.1945	0.1345	0.1346	0.1343	0.0997
  C	0.1649	0.1248	0	0.1812	0.31	0.125	0.125	0.1899
  D	0.1157	0.1699	0.1672	0	0.112	0.1137	0.1138	0.0889
  E	0.1004	0.1709	0.416	0.163	0	0.1709	0.1705	0.1776
  F	0.0803	0.1199	0.1176	0.116	0.1198	0	0.1197	0.1829
  G	0.1504	0.1087	0.1069	0.1055	0.1086	0.1088	0	0.0848
  H	0.2976	0.0526	0.1057	0.0537	0.0737	0.1082	0.0552	0
