{
  "generated_by": {
    "program": "augur",
    "version": "21.1.0"
  },
  "models": {
    "country": {
      "alphabet": [
        "Algeria",
        "Australia",
        "Austria",
        "Bangladesh",
        "Belgium",
        "Brazil",
        "Canada",
        "Chile",
        "China",
        "Czech Republic",
        "Denmark",
        "Egypt",
        "France",
        "Georgia",
        "Germany",
        "Guatemala",
        "Hong Kong",
        "Hungary",
        "India",
        "Iran",
        "Italy",
        "Japan",
        "Laos",
        "Malaysia",
        "Mexico",
        "Mongolia",
        "Netherlands",
        "Nigeria",
        "Poland",
        "Russia",
        "Singapore",
        "South Africa",
        "South Korea",
        "Spain",
        "Sri Lanka",
        "Sweden",
        "Switzerland",
        "Taiwan",
        "Thailand",
        "United Kingdom",
        "Usa",
        "Vietnam",
        "Zambia",
        "?"
      ],
      "equilibrium_probabilities": [
        0.026446113295624053,
        0.01948495608203913,
        0.027955744083099286,
        0.026362532392923743,
        0.02861460836907993,
        0.023688776200437085,
        0.004540753457495409,
        0.017445730326294474,
        0.017801232571141808,
        0.028574977345286506,
        0.02736156972119249,
        0.027953080043830816,
        0.021776486811179704,
        0.027826102121244704,
        0.021688033449069645,
        0.025461404170515314,
        0.01449944691558713,
        0.028540724392553934,
        0.024141027954046622,
        0.0283318811858359,
        0.024284905536701307,
        0.019860771248498544,
        0.027589851556309115,
        0.024533492372322434,
        0.023099011939743355,
        0.01572667453698433,
        0.025820746581398782,
        0.024879809335807072,
        0.0285127686545958,
        0.024885505472021313,
        0.02668074108482296,
        0.024734697710823296,
        0.013161169025382889,
        0.027185579057959767,
        0.02840869888164139,
        0.02746496634386476,
        0.024871711966670568,
        0.02525445500315741,
        0.026040815839736334,
        0.012880178998711413,
        0.012828651710902913,
        0.017402687803091486,
        0.025396928450375025
      ],
      "rate": 19.231619376208887,
      "transition_matrix": [
        [
          0.0,
          0.9343305827788687,
          0.9343111282899188,
          0.934065240873547,
          0.9335506750834992,
          0.9333865007551634,
          0.9302536034930168,
          0.9331710149412858,
          0.9204966620641138,
          0.9343110020670199,
          0.9344313421303623,
          0.9344011042776206,
          0.9345618710533427,
          0.9343068126728438,
          0.9241111901214747,
          0.9346746192131478,
          0.9322994117959245,
          0.934202124303769,
          0.9342439125961612,
          0.934377811675392,
          0.9307897150115887,
          1.2436175110521759,
          0.934054360972263,
          0.9344430477138534,
          0.932298268660929,
          0.9218778622753323,
          0.9324709911300506,
          0.9344861817940096,
          0.9338968837485508,
          0.9339548992814142,
          0.9343772998231781,
          0.9343820526617254,
          0.9286354529653685,
          0.9315021460074849,
          0.9343350576845706,
          0.9342574207943557,
          0.9344945706141805,
          0.9343533598059504,
          0.9305497937226653,
          0.9346993717983564,
          1.112033437192822,
          0.9293430894737534,
          0.9345768801497041
        ],
        [
          0.9343305827788687,
          0.0,
          0.9322787418782056,
          0.9328145086406029,
          0.9317388351810174,
          0.9322640980472306,
          0.9823346242916505,
          0.9330032235143714,
          1.4666655068055938,
          0.9322206647812405,
          0.9324334716579079,
          0.93238532137737,
          0.9332998549453453,
          0.9322984519535322,
          0.9275846662804708,
          0.9330559294987922,
          0.9351523235854096,
          0.9321389155313202,
          0.9329702164570074,
          0.9324149569851325,
          0.9304437908268535,
          0.9443241301911947,
          0.9323570903173656,
          0.9442525324220932,
          0.9314081961214695,
          1.2974048218232628,
          0.9702586382853268,
          0.9327671671953374,
          0.9319117825873305,
          1.0546120316308933,
          0.9325718731618244,
          0.9327348808628759,
          0.9348028369847623,
          0.9303223603738813,
          0.9322462577603708,
          0.9325208885001783,
          0.9327739835529595,
          0.932675840793732,
          0.9383854204565915,
          0.9442000515609491,
          2.5280381001929095,
          0.932348991502526,
          0.9328874602672312
        ],
        [
          0.9343111282899188,
          0.9322787418782056,
          0.0,
          0.933536481841919,
          0.933551778223377,
          0.9324681999673349,
          0.9168814741133628,
          0.9318566616957005,
          0.917746687667211,
          0.9338786264957704,
          0.9345887168815862,
          0.9339836897983923,
          0.9336575642921822,
          0.9338829733540946,
          2.785950246898304,
          0.9340774164745537,
          0.9308752754657345,
          0.9337657197163811,
          0.9336587209724989,
          0.9339544653334697,
          1.3963783887737997,
          0.9333677873644622,
          0.9336162882269892,
          0.9338682664254947,
          0.931501026599609,
          0.9207929607434717,
          0.9320933007849286,
          0.933911874775898,
          0.9350347351873474,
          0.9332722768594707,
          0.9339015586414895,
          0.9338027729312324,
          0.9256842630495807,
          0.931812373549734,
          0.933892612583618,
          0.9338882565977371,
          0.9339207154703696,
          0.933704568820276,
          0.9297947795041824,
          0.9331506225801024,
          0.8738096030443423,
          0.9277644327402158,
          0.9339996713445933
        ],
        [
          0.934065240873547,
          0.9328145086406029,
          0.933536481841919,
          0.0,
          0.9328597139899242,
          0.9322822263196407,
          0.9181936900971472,
          0.9318915653406532,
          1.2174532090136916,
          0.9335348550946465,
          0.9336600312245291,
          0.9338811163501477,
          0.9334898341898026,
          0.9336517704548214,
          0.9234514267850559,
          0.9338145668686154,
          0.9305559199983641,
          0.9334164429734864,
          0.9348245259241572,
          1.0205657754222424,
          0.9300532229363833,
          0.9338901453532379,
          0.9333177939072564,
          0.9336824424650481,
          0.9314306831166308,
          2.528570755917708,
          0.9601193039117305,
          0.93363611702596,
          0.9331137846879926,
          1.173130599110895,
          0.933604886187837,
          0.9336218600884822,
          1.1127257868750564,
          0.9307346922228602,
          0.9335414614766318,
          0.9337829039564511,
          0.9336446487929042,
          0.9334509353936491,
          0.9301210055893493,
          0.9328719868243055,
          0.9599182307767545,
          1.4261654528271883,
          0.933729902930647
        ],
        [
          0.9335506750834992,
          0.9317388351810174,
          0.933551778223377,
          0.9328597139899242,
          0.0,
          0.931769119756717,
          0.9374601807497838,
          1.3727555736900448,
          0.9224410857558406,
          0.9330992763348017,
          0.9341368968385657,
          0.9331944875896405,
          0.933084354214703,
          0.9331046357312963,
          3.5232542345432614,
          0.9333394830791079,
          0.9326935631309969,
          1.3925339834324555,
          0.9330480237494644,
          0.9331663380957912,
          1.2405576342565576,
          0.9328290012637839,
          0.932803598997665,
          0.9331526218845382,
          0.9308075965770436,
          1.0377320106724417,
          1.6478635084803213,
          0.9331839024479456,
          0.9326610873398141,
          0.9331020642637564,
          0.9331187880956844,
          0.9331028373214459,
          0.9269151230641807,
          1.2185263341397796,
          0.9330616842843338,
          0.9333150236988015,
          0.9331932059226797,
          0.932964988338149,
          0.929173231259291,
          0.9324749123676256,
          0.8773999148019717,
          0.927724896805918,
          0.9332608991440956
        ],
        [
          0.9333865007551634,
          0.9322640980472306,
          0.9324681999673349,
          0.9322822263196407,
          0.931769119756717,
          0.0,
          2.4497568327486356,
          1.2469026350714796,
          0.9190091609052252,
          0.9324334698998029,
          0.9328299898431093,
          0.9325235530812789,
          0.9327568467931278,
          0.9324749477494824,
          0.9239358491980169,
          0.9331539391737073,
          0.9493970414735686,
          0.9323376954402398,
          0.9324777232675722,
          0.9324813174506166,
          0.9293172052118651,
          0.9333955002226372,
          0.9322639348448148,
          0.9326466645423103,
          1.0290278382109252,
          0.9220513059316668,
          0.9308989574853961,
          0.9326710692755898,
          0.9320677041347243,
          0.9323958378238494,
          0.9325644624802126,
          0.9325860871597599,
          1.0369853792668502,
          0.9301566912654379,
          0.9324576935339755,
          0.9324175593737789,
          0.932678834125169,
          0.9325433610733815,
          0.9400478121968081,
          0.9324967560631413,
          1.4050259792825945,
          0.9280834437897771,
          0.9328929478906104
        ],
        [
          0.9302536034930168,
          0.9823346242916505,
          0.9168814741133628,
          0.9181936900971472,
          0.9374601807497838,
          2.4497568327486356,
          0.0,
          2.0711712571794605,
          0.9257613233662,
          0.9161760742484081,
          1.0745245230749239,
          0.9165769654864515,
          1.0198857339996807,
          0.9166351239455244,
          1.250932630372079,
          0.920422650880645,
          2.726236980160835,
          0.9162666559702436,
          0.9195054415632766,
          0.9163410809524689,
          0.9190861008585524,
          1.5338589101019982,
          0.9167478599945452,
          0.9187599281091793,
          2.9995045673878953,
          0.9227740644179903,
          0.9182166927008797,
          0.9185167923262628,
          0.9161460048918411,
          0.9222569701902864,
          0.9174183078796625,
          0.9185788324373715,
          2.045872379854145,
          0.9175356618915214,
          0.916329047806902,
          0.9168558013081053,
          0.9185198904741249,
          0.9248307249915357,
          2.168618688100924,
          0.9292924789972223,
          33.16368001377506,
          0.9233961419535354,
          0.919458249928319
        ],
        [
          0.9331710149412858,
          0.9330032235143714,
          0.9318566616957005,
          0.9318915653406532,
          1.3727555736900448,
          1.2469026350714796,
          2.0711712571794605,
          0.0,
          0.9230214076508457,
          0.9317917640187201,
          0.9320656730302748,
          0.931903841119427,
          0.9323002086460512,
          0.9318504914046386,
          0.925972089873068,
          0.9325959072400201,
          1.0313352867031362,
          0.9317326551248246,
          0.9320405816281111,
          0.9318572958784609,
          0.9532743076516539,
          0.9338293993802399,
          0.9317037846188652,
          0.9321187915355871,
          0.930979066566042,
          0.9246687562609309,
          0.9308737146058321,
          0.9334118740473886,
          0.9315316566905117,
          0.9322984362694252,
          0.931971081036408,
          0.9320541672190762,
          1.0371557564885452,
          0.93013927286463,
          0.9318244324834556,
          0.931859769082836,
          0.9321172513851526,
          0.9320882616787887,
          0.929490391638568,
          1.013168804365047,
          3.219843009282581,
          0.9291260924741719,
          0.9323430251247897
        ],
        [
          0.9204966620641138,
          1.4666655068055938,
          0.917746687667211,
          1.2174532090136916,
          0.9224410857558406,
          0.9190091609052252,
          0.9257613233662,
          0.9230214076508457,
          0.0,
          0.9165727945677182,
          0.9173769451105621,
          0.9184620323130719,
          1.3827811197220305,
          0.9197439383289129,
          0.9241752446540455,
          0.9215121173037524,
          7.8998043176470105,
          0.9164611884284223,
          1.3836846766152988,
          0.918099663280081,
          1.3767347143747812,
          2.3542809774594597,
          1.366192162126078,
          1.3672224848049352,
          0.9196587620333506,
          9.274947545348022,
          2.0772967245205076,
          0.9188240798679437,
          0.9164154395085099,
          1.1619332422764674,
          1.2887067509754542,
          0.9208517540802581,
          5.061519212692285,
          0.917020326153692,
          0.9166229083266416,
          1.209999396261481,
          0.9188345729773665,
          0.9189196486165047,
          1.3967571841681174,
          1.056981025126725,
          4.164004276447818,
          6.366152081961919,
          0.9197817858318156
        ],
        [
          0.9343110020670199,
          0.9322206647812405,
          0.9338786264957704,
          0.9335348550946465,
          0.9330992763348017,
          0.9324334698998029,
          0.9161760742484081,
          0.9317917640187201,
          0.9165727945677182,
          0.0,
          0.9340109349066024,
          0.9339847216088812,
          0.9336492193251761,
          0.9338857276124335,
          0.9228415046783254,
          0.934078473652913,
          0.9300934699776392,
          0.9337581836550858,
          0.9336518284152897,
          0.9339632171330224,
          0.9298863229553664,
          0.9333088443729444,
          0.9336090487500522,
          0.9338662257554488,
          0.9314463603798518,
          0.9206372234965917,
          1.4010681928978839,
          0.9339111895240458,
          0.9334297846437851,
          0.9333249951762148,
          0.9339005101213829,
          0.933799680634645,
          0.9255143184220715,
          0.9308521742941994,
          0.9338917556800327,
          0.9338914995802351,
          0.9339202267019628,
          0.933698731960145,
          0.9296708704003489,
          0.9326873421928945,
          0.8720141098603411,
          0.9276392031288003,
          0.9339998299399157
        ],
        [
          0.9344313421303623,
          0.9324334716579079,
          0.9345887168815862,
          0.9336600312245291,
          0.9341368968385657,
          0.9328299898431093,
          1.0745245230749239,
          0.9320656730302748,
          0.9173769451105621,
          0.9340109349066024,
          0.0,
          0.9341132614243702,
          0.9339121065281187,
          0.9340121571131969,
          1.8539243953226594,
          0.9341999922205876,
          0.9308486959823633,
          0.9340288284764162,
          0.9337863393135576,
          0.9340857496818029,
          0.9311901264931874,
          0.9335788653701099,
          0.9337486881375896,
          0.9339887304861231,
          0.9318845928248917,
          0.9211102539584962,
          0.9332059208879929,
          0.9340327407359097,
          0.9335818683669399,
          0.9334367915309568,
          0.934023920016276,
          0.9339260396477501,
          0.9260252102744687,
          0.9331916052139703,
          0.934023605752518,
          0.9339679249222124,
          0.9340414150345869,
          0.933834425177513,
          0.9340628227040478,
          0.9329501706769066,
          0.8872489306091726,
          0.9280009907900644,
          0.9341227128822911
        ],
        [
          0.9344011042776206,
          0.93238532137737,
          0.9339836897983923,
          0.9338811163501477,
          0.9331944875896405,
          0.9325235530812789,
          0.9165769654864515,
          0.931903841119427,
          0.9184620323130719,
          0.9339847216088812,
          0.9341132614243702,
          0.0,
          0.9337390482642202,
          0.9340558626963398,
          0.9230867601258764,
          0.9341720480897422,
          0.930243330848703,
          0.9338675674524369,
          1.0587106302057478,
          0.9341239010397301,
          0.9300656087803439,
          0.9334490808506418,
          0.933718572310643,
          0.9339616803574543,
          0.9315973232085873,
          1.2936351666835268,
          0.9334868703552262,
          0.9340036278072157,
          0.9335458813053175,
          0.9337807128602942,
          0.9339985576253927,
          0.9339555971380366,
          0.9259418232833213,
          0.9310207843691352,
          0.9339976656447246,
          0.9340330001233614,
          0.9340124732543138,
          0.9337992747471257,
          0.9299403941489203,
          0.9327665611439843,
          0.873375364742825,
          0.9284341664853292,
          0.9340946018508333
        ],
        [
          0.9345618710533427,
          0.9332998549453453,
          0.9336575642921822,
          0.9334898341898026,
          0.933084354214703,
          0.9327568467931278,
          1.0198857339996807,
          0.9323002086460512,
          1.3827811197220305,
          0.9336492193251761,
          0.9339121065281187,
          0.9337390482642202,
          0.0,
          0.9336596497252776,
          1.3881243592216328,
          0.9341204436307916,
          1.1536660886363568,
          0.9335594988301757,
          0.9335452568271818,
          0.933713058411749,
          0.930718887699474,
          1.0664922031465656,
          0.9334566450726065,
          0.9337275126130643,
          0.9319878198251182,
          0.9236955448322414,
          0.9322374169964533,
          0.9337195210126941,
          0.9333089023210208,
          0.9335841300640804,
          0.9337037651634537,
          0.9336361388376306,
          0.9276847283875111,
          0.9316659807817904,
          0.9336978780525217,
          0.9336321125313513,
          0.934133140970149,
          0.9336629763965203,
          0.9305100911283845,
          0.9331527597027756,
          1.9020288090788025,
          0.9292897605724537,
          0.9339111561970922
        ],
        [
          0.9343068126728438,
          0.9322984519535322,
          0.9338829733540946,
          0.9336517704548214,
          0.9331046357312963,
          0.9324749477494824,
          0.9166351239455244,
          0.9318504914046386,
          0.9197439383289129,
          0.9338857276124335,
          0.9340121571131969,
          0.9340558626963398,
          0.9336596497252776,
          0.0,
          0.9230776321830978,
          0.9340784187656408,
          0.9302006634890077,
          0.9337656927618737,
          0.933757124629233,
          0.9340094112724108,
          0.9299988258141793,
          0.9333668028758806,
          0.9336209734251677,
          0.9338742786598541,
          0.9315149675753327,
          1.3390935943689146,
          0.9427323187215193,
          0.9339143949852323,
          0.9334458655834039,
          0.9335218799074447,
          0.9339042393043828,
          0.9338119785572361,
          0.9270881910740592,
          0.930935819849039,
          0.9338957433043135,
          0.9339114455258974,
          0.9339231958736419,
          0.9337080271318602,
          0.9298592501787756,
          0.932725249880421,
          0.8735716101047554,
          0.9606262008472515,
          0.9340014666825704
        ],
        [
          0.9241111901214747,
          0.9275846662804708,
          2.785950246898304,
          0.9234514267850559,
          3.5232542345432614,
          0.9239358491980169,
          1.250932630372079,
          0.925972089873068,
          0.9241752446540455,
          0.9228415046783254,
          1.8539243953226594,
          0.9230867601258764,
          1.3881243592216328,
          0.9230776321830978,
          0.0,
          0.9243553110082454,
          1.290355382340222,
          1.3907818600061983,
          0.9243713851476233,
          0.9229605513605346,
          4.206349023743648,
          0.9314023367863817,
          0.9229542747129866,
          0.9243691856631865,
          0.9234186068048219,
          0.9202845760270374,
          4.536861272302444,
          0.9242477162522286,
          0.92256689672869,
          0.9248349675474064,
          0.9235318738186085,
          0.9242233320490825,
          0.9234292600105847,
          6.044502688247604,
          0.9230087714838339,
          0.9242350902776725,
          0.9242576490582838,
          0.9239742029876324,
          1.8493937034192571,
          1.4158030467063882,
          1.305624932724263,
          0.9228585014335443,
          0.9241883751458808
        ],
        [
          0.9346746192131478,
          0.9330559294987922,
          0.9340774164745537,
          0.9338145668686154,
          0.9333394830791079,
          0.9331539391737073,
          0.920422650880645,
          0.9325959072400201,
          0.9215121173037524,
          0.934078473652913,
          0.9341999922205876,
          0.9341720480897422,
          0.9341204436307916,
          0.9340784187656408,
          0.9243553110082454,
          0.0,
          1.1532546553377132,
          0.9339725494239136,
          0.9379294095843843,
          0.9341461519106639,
          0.930590275419764,
          0.9341411821663903,
          0.9338349781102172,
          0.9341377751940656,
          0.9320719462314725,
          0.922063431453426,
          0.9323131980579513,
          0.9341770913842484,
          0.933679197300516,
          0.9336902461852572,
          0.9341218733472391,
          0.9340770467108118,
          0.9271990723467416,
          0.931497305929567,
          0.9341672914921139,
          0.9340341274581935,
          0.9341851724892001,
          0.9340038832534814,
          0.9303642216339769,
          0.9334588269145371,
          1.2245211371870655,
          0.9286326908462482,
          1.0316834117391154
        ],
        [
          0.9322994117959245,
          0.9351523235854096,
          0.9308752754657345,
          0.9305559199983641,
          0.9326935631309969,
          0.9493970414735686,
          2.726236980160835,
          1.0313352867031362,
          7.8998043176470105,
          0.9300934699776392,
          0.9308486959823633,
          0.930243330848703,
          1.1536660886363568,
          0.9302006634890077,
          1.290355382340222,
          1.1532546553377132,
          0.0,
          0.9302109129342808,
          0.9323511208461506,
          0.930178711983905,
          0.9307960511465097,
          1.120913644767424,
          0.9301672131059706,
          0.9316522776664604,
          1.0864252776928878,
          0.9269113701392461,
          0.9313219696457717,
          0.9308290700496059,
          0.9298792147456055,
          0.9317035988271025,
          0.9305444057338622,
          0.9307971063799592,
          0.9641286982201588,
          1.0670018369525498,
          1.3950602559844558,
          0.9303027544461132,
          0.9308350351354406,
          0.9307701290172892,
          0.9296103280568769,
          0.9343463966886939,
          2.4793423610069762,
          0.9304754870971226,
          0.9668853574845434
        ],
        [
          0.934202124303769,
          0.9321389155313202,
          0.9337657197163811,
          0.9334164429734864,
          1.3925339834324555,
          0.9323376954402398,
          0.9162666559702436,
          0.9317326551248246,
          0.9164611884284223,
          0.9337581836550858,
          0.9340288284764162,
          0.9338675674524369,
          0.9335594988301757,
          0.9337656927618737,
          1.3907818600061983,
          0.9339725494239136,
          0.9302109129342808,
          0.0,
          0.9335510828408469,
          0.9338361032751314,
          0.9299282844026565,
          0.9332372605567006,
          0.9334943111069308,
          0.9337635921390177,
          0.9313535821168892,
          0.9204324341551262,
          0.9318919564730197,
          0.9338073818758449,
          0.9333114637406481,
          0.9331436876074967,
          0.9337892094607743,
          0.9336966049196216,
          0.9254539723607458,
          0.9321737163410477,
          0.9337732096432171,
          0.9337199878577686,
          0.9338164394471434,
          0.9335938319802782,
          0.9295667321091079,
          0.9326473166545877,
          0.8720780173579061,
          0.9275594561867126,
          0.9338940880671098
        ],
        [
          0.9342439125961612,
          0.9329702164570074,
          0.9336587209724989,
          0.9348245259241572,
          0.9330480237494644,
          0.9324777232675722,
          0.9195054415632766,
          0.9320405816281111,
          1.3836846766152988,
          0.9336518284152897,
          0.9337863393135576,
          1.0587106302057478,
          0.9335452568271818,
          0.933757124629233,
          0.9243713851476233,
          0.9379294095843843,
          0.9323511208461506,
          0.9335510828408469,
          0.0,
          0.9339137663813928,
          0.9304451152598902,
          0.9337611404752939,
          0.933438609201012,
          0.9337388832871789,
          0.9316812893244184,
          2.696831627136573,
          0.9340206048478016,
          0.9337172126992114,
          0.9332737370080616,
          0.9344620628678154,
          0.9336986588247974,
          0.9337035013358823,
          0.9273859298449759,
          0.9311168543344996,
          0.9336666796090902,
          0.9338965178708081,
          0.9337249229971774,
          0.933569585648565,
          0.9304360390688816,
          0.9329369212142032,
          1.3249651667714297,
          0.9596943691888006,
          0.9375793594910701
        ],
        [
          0.934377811675392,
          0.9324149569851325,
          0.9339544653334697,
          1.0205657754222424,
          0.9331663380957912,
          0.9324813174506166,
          0.9163410809524689,
          0.9318572958784609,
          0.918099663280081,
          0.9339632171330224,
          0.9340857496818029,
          0.9341239010397301,
          0.933713058411749,
          0.9340094112724108,
          0.9229605513605346,
          0.9341461519106639,
          0.930178711983905,
          0.9338361032751314,
          0.9339137663813928,
          0.0,
          0.929982498063736,
          0.9334037750778533,
          0.9336863755982061,
          0.9339344149126125,
          0.931539578473902,
          1.0760697411606301,
          0.9608367679708252,
          0.9339779008775462,
          0.9335100790393278,
          1.182975176722023,
          0.9339713407712879,
          0.9339132662667833,
          0.9258317483480603,
          0.9309515064483996,
          0.9339680955291324,
          0.933983957459021,
          0.9339868725817034,
          0.9337699894681899,
          0.929884930919298,
          0.9327404117945004,
          0.8726813627189431,
          0.928342733973247,
          0.9340680103026321
        ],
        [
          0.9307897150115887,
          0.9304437908268535,
          1.3963783887737997,
          0.9300532229363833,
          1.2405576342565576,
          0.9293172052118651,
          0.9190861008585524,
          0.9532743076516539,
          1.3767347143747812,
          0.9298863229553664,
          0.9311901264931874,
          0.9300656087803439,
          0.930718887699474,
          0.9299988258141793,
          4.206349023743648,
          0.930590275419764,
          0.9307960511465097,
          0.9299282844026565,
          0.9304451152598902,
          0.929982498063736,
          0.0,
          0.9312979546491499,
          0.9297598645274158,
          0.9304552037855852,
          0.928623098129731,
          1.0135709653324203,
          1.436660861084602,
          0.9304047689694058,
          1.3924260205387264,
          0.9306750043777596,
          0.9301447973384772,
          0.93036810863561,
          0.9252828869955725,
          1.414517717526226,
          0.929879727514274,
          1.270094671626237,
          0.9304135539142054,
          0.9302212920316695,
          0.9269667728437803,
          1.2591692846030584,
          1.4964192249976955,
          0.9267528440140188,
          0.9304735518240808
        ],
        [
          1.2436175110521759,
          0.9443241301911947,
          0.9333677873644622,
          0.9338901453532379,
          0.9328290012637839,
          0.9333955002226372,
          1.5338589101019982,
          0.9338293993802399,
          2.3542809774594597,
          0.9333088443729444,
          0.9335788653701099,
          0.9334490808506418,
          1.0664922031465656,
          0.9333668028758806,
          0.9314023367863817,
          0.9341411821663903,
          1.120913644767424,
          0.9332372605567006,
          0.9337611404752939,
          0.9334037750778533,
          0.9312979546491499,
          0.0,
          0.9331820171719655,
          0.9338868373264617,
          0.9324522185739408,
          1.0365635883474469,
          0.9343508958255313,
          0.9337411896218221,
          0.9330010486756743,
          0.9352669813045918,
          0.9335329094759922,
          0.9336871582232531,
          1.4182315676861328,
          0.9314337262983319,
          0.9333887543235593,
          0.9333973981894886,
          0.9337478975377586,
          0.9759440039409146,
          0.9309383720955943,
          1.0093421637395332,
          2.4219807804153444,
          2.37014737955182,
          0.9339062945659463
        ],
        [
          0.934054360972263,
          0.9323570903173656,
          0.9336162882269892,
          0.9333177939072564,
          0.932803598997665,
          0.9322639348448148,
          0.9167478599945452,
          0.9317037846188652,
          1.366192162126078,
          0.9336090487500522,
          0.9337486881375896,
          0.933718572310643,
          0.9334566450726065,
          0.9336209734251677,
          0.9229542747129866,
          0.9338349781102172,
          0.9301672131059706,
          0.9334943111069308,
          0.933438609201012,
          0.9336863755982061,
          0.9297598645274158,
          0.9331820171719655,
          0.0,
          0.9337920032148558,
          0.9313157070772116,
          0.9228337604039935,
          0.9318029860633116,
          0.9336771646476003,
          0.9331777793803354,
          0.9331253856769935,
          0.9336562695143236,
          0.9335716045384155,
          0.9316134761142553,
          0.9307031094027939,
          0.9336245165232583,
          0.9335829179595226,
          0.9336859625979671,
          0.9334687896122997,
          0.9295739972445486,
          0.9326374223328884,
          0.8751082192416982,
          0.9278863275512026,
          0.9337585648998056
        ],
        [
          0.9344430477138534,
          0.9442525324220932,
          0.9338682664254947,
          0.9336824424650481,
          0.9331526218845382,
          0.9326466645423103,
          0.9187599281091793,
          0.9321187915355871,
          1.3672224848049352,
          0.9338662257554488,
          0.9339887304861231,
          0.9339616803574543,
          0.9337275126130643,
          0.9338742786598541,
          0.9243691856631865,
          0.9341377751940656,
          0.9316522776664604,
          0.9337635921390177,
          0.9337388832871789,
          0.9339344149126125,
          0.9304552037855852,
          0.9338868373264617,
          0.9337920032148558,
          0.0,
          0.9318058384446781,
          0.9291444068795962,
          0.932466837603286,
          0.9339013550532526,
          0.9334817222786509,
          0.9336410757006128,
          0.9339306304798473,
          0.9338097333791576,
          0.9301717674306622,
          0.9312715596918975,
          0.9338796454221069,
          0.9338726340057464,
          0.9339091032967591,
          0.9337519527460059,
          0.9303002288189816,
          0.9330124953379797,
          1.3245084134611746,
          0.9293764603921555,
          0.9340258202430741
        ],
        [
          0.932298268660929,
          0.9314081961214695,
          0.931501026599609,
          0.9314306831166308,
          0.9308075965770436,
          1.0290278382109252,
          2.9995045673878953,
          0.930979066566042,
          0.9196587620333506,
          0.9314463603798518,
          0.9318845928248917,
          0.9315973232085873,
          0.9319878198251182,
          0.9315149675753327,
          0.9234186068048219,
          0.9320719462314725,
          1.0864252776928878,
          0.9313535821168892,
          0.9316812893244184,
          0.931539578473902,
          0.928623098129731,
          0.9324522185739408,
          0.9313157070772116,
          0.9318058384446781,
          0.0,
          0.9217892600192656,
          0.9301384519185116,
          0.9318047754389727,
          0.9310915078181371,
          0.9314931593875103,
          0.9316367369944206,
          0.9317278954710364,
          1.0186858754088763,
          0.9292539126507625,
          0.9314974831967819,
          0.9315198028887888,
          0.9318127327373128,
          0.9316447565636343,
          0.9283750336933931,
          0.9320031535018172,
          1.475244391854226,
          0.9275470787433396,
          0.9319163799601214
        ],
        [
          0.9218778622753323,
          1.2974048218232628,
          0.9207929607434717,
          2.528570755917708,
          1.0377320106724417,
          0.9220513059316668,
          0.9227740644179903,
          0.9246687562609309,
          9.274947545348022,
          0.9206372234965917,
          0.9211102539584962,
          1.2936351666835268,
          0.9236955448322414,
          1.3390935943689146,
          0.9202845760270374,
          0.922063431453426,
          0.9269113701392461,
          0.9204324341551262,
          2.696831627136573,
          1.0760697411606301,
          1.0135709653324203,
          1.0365635883474469,
          0.9228337604039935,
          0.9291444068795962,
          0.9217892600192656,
          0.0,
          4.813570407066232,
          0.9222068654724731,
          0.9202786796133722,
          3.5291405177828015,
          0.9215156747147241,
          1.3816336230813857,
          3.5136020338433145,
          0.9196095718396455,
          0.9205371513790005,
          1.3897030773687298,
          0.9222155708500573,
          0.9219415009682594,
          1.2507291970098702,
          0.9302763860823222,
          0.980805468752475,
          7.641791551011267,
          0.9220334584869487
        ],
        [
          0.9324709911300506,
          0.9702586382853268,
          0.9320933007849286,
          0.9601193039117305,
          1.6478635084803213,
          0.9308989574853961,
          0.9182166927008797,
          0.9308737146058321,
          2.0772967245205076,
          1.4010681928978839,
          0.9332059208879929,
          0.9334868703552262,
          0.9322374169964533,
          0.9427323187215193,
          4.536861272302444,
          0.9323131980579513,
          0.9313219696457717,
          0.9318919564730197,
          0.9340206048478016,
          0.9608367679708252,
          1.436660861084602,
          0.9343508958255313,
          0.9318029860633116,
          0.932466837603286,
          0.9301384519185116,
          4.813570407066232,
          0.0,
          0.9321979404799401,
          0.9315504290879666,
          2.4146170182493516,
          0.9321118989918055,
          0.9322864370007741,
          1.0180924930510473,
          0.9313174506105284,
          0.9319355379982099,
          1.1592448220813063,
          0.9322067317709614,
          0.931985003882317,
          0.9639241212742093,
          0.932275313399588,
          0.8828696707185267,
          1.0652695776194347,
          0.9322434560098856
        ],
        [
          0.9344861817940096,
          0.9327671671953374,
          0.933911874775898,
          0.93363611702596,
          0.9331839024479456,
          0.9326710692755898,
          0.9185167923262628,
          0.9334118740473886,
          0.9188240798679437,
          0.9339111895240458,
          0.9340327407359097,
          0.9340036278072157,
          0.9337195210126941,
          0.9339143949852323,
          0.9242477162522286,
          0.9341770913842484,
          0.9308290700496059,
          0.9338073818758449,
          0.9337172126992114,
          0.9339779008775462,
          0.9304047689694058,
          0.9337411896218221,
          0.9336771646476003,
          0.9339013550532526,
          0.9318047754389727,
          0.9222068654724731,
          0.9321979404799401,
          0.0,
          0.933521416345276,
          0.9335020132524332,
          0.9339347811851316,
          0.9338416994465881,
          0.9266422498883351,
          0.9312741751326337,
          0.9339238832445496,
          0.9338721371106565,
          0.9339468352551702,
          0.9337874904982241,
          0.9302349786272636,
          0.932990275874887,
          1.3182522216995738,
          0.9285067825521061,
          0.9340652070514566
        ],
        [
          0.9338968837485508,
          0.9319117825873305,
          0.9350347351873474,
          0.9331137846879926,
          0.9326610873398141,
          0.9320677041347243,
          0.9161460048918411,
          0.9315316566905117,
          0.9164154395085099,
          0.9334297846437851,
          0.9335818683669399,
          0.9335458813053175,
          0.9333089023210208,
          0.9334458655834039,
          0.92256689672869,
          0.933679197300516,
          0.9298792147456055,
          0.9333114637406481,
          0.9332737370080616,
          0.9335100790393278,
          1.3924260205387264,
          0.9330010486756743,
          0.9331777793803354,
          0.9334817222786509,
          0.9310915078181371,
          0.9202786796133722,
          0.9315504290879666,
          0.933521416345276,
          0.0,
          0.932855452288435,
          0.9334826358730693,
          0.9334124790111804,
          0.9253123297585049,
          0.9304556201834886,
          0.933446720725059,
          0.933452640741013,
          0.9335305522251506,
          0.9333037627638807,
          0.929262674660464,
          0.932571917820612,
          0.8720778584400264,
          0.9273679658950339,
          0.9336017337806203
        ],
        [
          0.9339548992814142,
          1.0546120316308933,
          0.9332722768594707,
          1.173130599110895,
          0.9331020642637564,
          0.9323958378238494,
          0.9222569701902864,
          0.9322984362694252,
