{
  "generated_by": {
    "program": "augur",
    "version": "21.1.0"
  },
  "models": {
    "country": {
      "alphabet": [
        "Algeria",
        "Argentina",
        "Australia",
        "Belgium",
        "Brazil",
        "Bulgaria",
        "Canada",
        "Chile",
        "China",
        "Czech Republic",
        "Denmark",
        "Egypt",
        "Finland",
        "France",
        "Georgia",
        "Germany",
        "Guatemala",
        "Hong Kong",
        "Hungary",
        "India",
        "Indonesia",
        "Iran",
        "Ireland",
        "Italy",
        "Japan",
        "Kazakhstan",
        "Laos",
        "Malaysia",
        "Mexico",
        "Mongolia",
        "Netherlands",
        "Nigeria",
        "Norway",
        "Pakistan",
        "Peru",
        "Poland",
        "Romania",
        "Russia",
        "Singapore",
        "South Africa",
        "South Korea",
        "Spain",
        "Sri Lanka",
        "Sweden",
        "Switzerland",
        "Taiwan",
        "Thailand",
        "United Kingdom",
        "Uruguay",
        "Usa",
        "Vietnam",
        "Zambia",
        "?"
      ],
      "equilibrium_probabilities": [
        0.02254275714228414,
        0.01463923967107851,
        0.020863078801485756,
        0.02449719014113831,
        0.017022968241079288,
        0.02276450972057481,
        0.00351094348595971,
        0.01484555404880052,
        0.014047856399324203,
        0.023070742304382132,
        0.022052852896753815,
        0.022508984349914746,
        0.02274502484740514,
        0.013653997489803464,
        0.023118477789672028,
        0.020438595445477232,
        0.017197103706358737,
        0.008886564382472113,
        0.02370813732433857,
        0.021584996278175363,
        0.0203919106316535,
        0.02211828555802634,
        0.021085664739084277,
        0.02353391791830722,
        0.009444241022437402,
        0.02166265638486488,
        0.02264870689945852,
        0.020286192920629914,
        0.014737911039556456,
        0.013057536251819223,
        0.022210821724552403,
        0.021862223770514323,
        0.022030490532960006,
        0.02182172353087417,
        0.021757160978592788,
        0.023039173036310513,
        0.022753224331813062,
        0.019422781064172404,
        0.02159381816933396,
        0.020582977179692385,
        0.010310482863693267,
        0.02258463698889967,
        0.0223321382362044,
        0.021696903591802645,
        0.02274505614218781,
        0.020496735793055946,
        0.019761198029743965,
        0.012495444668522792,
        0.02132823804452249,
        0.008399645075844358,
        0.01779068049309114,
        0.02031784792129925
      ],
      "rate": 17.171584900682642,
      "transition_matrix": [
        [
          0.0,
          0.9579843976041554,
          0.9559520928564803,
          0.9579786361013727,
          0.9811063987318953,
          0.9584533943481984,
          0.9373032181139602,
          0.9621409195724062,
          0.9352462798232529,
          0.9586118091725768,
          0.9585708763507628,
          0.958484763405467,
          0.9584575231453549,
          1.9201790007169834,
          0.9585857935162082,
          0.9556406495409981,
          0.9586254870210796,
          0.950919749591718,
          0.9583873200327321,
          0.9583010061434928,
          0.958327858004345,
          0.9585080768267782,
          0.9584966260641422,
          0.9558555356969985,
          1.0920547293154395,
          0.958492834700579,
          0.9585943568153683,
          0.9583530479790102,
          0.9550021574169559,
          0.9511662334804342,
          0.9578017690051633,
          0.9586056259392737,
          0.9587100883423647,
          0.9585444519356462,
          0.958507001421542,
          0.9582722384360952,
          0.9585751047451792,
          0.9561977278671709,
          0.9585427300805875,
          0.9585500583672788,
          0.9510679840609879,
          0.9558211427030674,
          0.9585601415716571,
          0.958618708339758,
          0.9586028833274901,
          0.9571898832796499,
          0.9542885425711481,
          0.9561846721764156,
          0.9586168984097342,
          0.9817418696511024,
          0.9544550183146597,
          0.9585597640871921
        ],
        [
          0.9579843976041554,
          0.0,
          0.9562707368942946,
          0.9573983264693494,
          1.162270368593389,
          0.957630042651816,
          0.9661629942866153,
          1.6753109992135267,
          0.9434884219466662,
          0.9577263573889827,
          0.9577879987596926,
          0.9576549067332646,
          0.957629441251409,
          1.0998274230641736,
          0.9577029352602253,
          0.9560716201073354,
          0.9579206964434147,
          0.9631447517563891,
          0.9575506535883864,
          0.9575705626364718,
          0.957629222191154,
          0.957685768538065,
          0.9576060103198433,
          0.9558918728780923,
          0.9567599850387783,
          0.9576932909472072,
          0.957684795336165,
          0.9576450288099857,
          0.9558232240947317,
          0.953271381324175,
          0.9574849675411662,
          0.9578236274710239,
          0.9578303903983396,
          0.9577248067652187,
          0.9576990399949882,
          0.9574856702607497,
          0.95770146419358,
          0.9563219299676372,
          0.957726133318595,
          0.9577580648617215,
          0.9544472222132604,
          0.9558885867049179,
          0.9577129909774438,
          0.957812343731966,
          0.9577276639543335,
          0.9569559270204865,
          0.9556076355228182,
          0.9566201951246226,
          1.1145162214353939,
          3.468341409085291,
          0.9552913176306279,
          0.9577761532467192
        ],
        [
          0.9559520928564803,
          0.9562707368942946,
          0.0,
          0.9551961389018193,
          0.9555114669603562,
          0.9557250194302789,
          0.9381503296949497,
          0.9564433990746178,
          1.4055606139397883,
          0.9558688535709319,
          0.9561802952745361,
          0.9557444288238773,
          0.955728703341649,
          0.9559119512375042,
          0.9558212565715454,
          0.953930820873786,
          0.956569928594542,
          1.8911153573647892,
          0.9555472582065264,
          0.9557406125055715,
          0.9558769252680444,
          0.9558511443580093,
          0.9557453541736098,
          0.9532342780197576,
          1.438913957294341,
          0.9558936446966184,
          0.955776463880544,
          0.9568369495996545,
          0.9535542651991967,
          0.950498787075717,
          0.9556637295216283,
          0.955934895240537,
          0.9561122947046924,
          0.9559454667023813,
          0.9558526260196717,
          0.9554342403788588,
          0.9557790939937698,
          0.9960502348009146,
          0.9559232786202054,
          0.9560892706969764,
          0.9506312447759709,
          0.9532357313924488,
          0.9559130097653459,
          0.9561717569173698,
          0.9558652970383248,
          0.9548278905527454,
          1.1544552571450157,
          0.9552858522526155,
          0.9560008017128546,
          1.1740011448817855,
          0.9528019675157016,
          0.9560982808852438
        ],
        [
          0.9579786361013727,
          0.9573983264693494,
          0.9551961389018193,
          0.0,
          0.9565439710862372,
          0.9578832468182045,
          0.9346185511832784,
          0.9571583296055536,
          0.9336458850233713,
          0.9606680010242339,
          0.9634558167623432,
          0.95769813912753,
          0.9591741554178738,
          1.364931457454556,
          0.9578602335830136,
          1.1147507278873021,
          0.9580323530704741,
          1.2418582343357933,
          1.8553648548152193,
          0.9575431011178043,
          0.9575976406389397,
          0.957752995911907,
          0.9577838054934561,
          1.194625849040475,
          0.9550595680560526,
          0.9577782090913164,
          0.9577469063078347,
          0.9576796608809953,
          0.954161041752435,
          0.9502308852433768,
          3.00405547563234,
          0.9578320296534959,
          0.9579609436968254,
          0.9577852167356681,
          0.9577438354942038,
          0.9575331659260841,
          0.9578361028536632,
          1.4038827425754163,
          0.9577872244114526,
          0.9578595277900046,
          0.9497727262832568,
          2.5034741331697803,
          0.9578326746039179,
          0.9587834872752761,
          0.9580602462022834,
          0.9563552928045584,
          1.0118240815118198,
          0.9594225855293305,
          0.9578568623881172,
          0.9549040769739435,
          0.9534625784437567,
          0.9578529060166484
        ],
        [
          0.9811063987318953,
          1.162270368593389,
          0.9555114669603562,
          0.9565439710862372,
          0.0,
          0.9569427075263998,
          0.9457385124228326,
          1.049813001768441,
          0.9432325277135678,
          0.9570442296119358,
          0.9571362149798174,
          0.9569817458520994,
          0.9569448765822957,
          0.9849604544500072,
          0.9570187690034991,
          0.9553394111650194,
          0.9577644518145839,
          0.964996813614066,
          0.9568286516961572,
          0.9569355573854985,
          0.9571296326129801,
          0.9570354215732828,
          0.9571321331289755,
          0.9549356315722736,
          1.0745605006347447,
          0.957064020456082,
          0.9570809077551987,
          0.95717916297471,
          0.9554612726205026,
          0.9523445626908537,
          0.9567333636343787,
          0.9572596464216558,
          0.9571997055695051,
          0.9570888359071269,
          0.957055455518684,
          0.9568014818640889,
          0.9570470953541949,
          0.9555780923782399,
          0.9571019758873823,
          0.9572823051779261,
          0.9575196011462892,
          0.9549293221586365,
          0.9570758797670034,
          0.9571992178328919,
          0.957056585630539,
          0.9563141759900861,
          0.9545726172252363,
          0.9566246763636425,
          1.0869194574775434,
          2.45872568814532,
          0.9545186086545143,
          0.9573068512334771
        ],
        [
          0.9584533943481984,
          0.957630042651816,
          0.9557250194302789,
          0.9578832468182045,
          0.9569427075263998,
          0.0,
          0.9357126099523903,
          0.9573478418591356,
          0.9341660307144607,
          0.9601253344235369,
          0.9584707031448492,
          0.9583478219674033,
          0.9659283344143228,
          0.9566084519556116,
          0.9585680904958227,
          0.9553926746177972,
          0.9584025531673039,
          0.9497239811052691,
          0.9582962671758158,
          0.958194563670569,
          0.9581532504753545,
          0.9584080721305014,
          0.9581188994874852,
          0.9555959609535847,
          0.9548051213083086,
          0.9583941755997586,
          0.9583949046999481,
          0.9581759382987758,
          0.9546932638594589,
          0.9510467245503572,
          0.9599351182505754,
          0.958437569203324,
          0.9585772543416653,
          0.9584078569027931,
          0.9583674128485545,
          0.9580713535980808,
          0.9584145571278933,
          1.3869703060304575,
          0.9584037794995649,
          0.9584231201068157,
          0.9503355382707233,
          0.9556451463533899,
          0.9584161750293667,
          0.9588913927789625,
          1.0297125623088432,
          0.9569972469418582,
          0.9539732890255824,
          0.9557619023441328,
          0.9584376349104541,
          0.9076942589170103,
          0.9542091371427903,
          0.9583883957280471
        ],
        [
          0.9373032181139602,
          0.9661629942866153,
          0.9381503296949497,
          0.9346185511832784,
          0.9457385124228326,
          0.9357126099523903,
          0.0,
          0.9576960965828502,
          0.9511822780846451,
          0.9354386952351778,
          0.9364984506185059,
          0.9359658758665914,
          0.9357307823400173,
          0.9479362716273401,
          0.9353865495217867,
          0.9385274685757247,
          0.9418833917695693,
          0.9741410204754588,
          0.9347817482556133,
          0.9368835081008235,
          0.9382773278337065,
          0.9363582888576137,
          0.93738460748169,
          0.9346676927092181,
          1.4841885715036334,
          0.9368094750422662,
          0.9358478944576025,
          0.9381652901233851,
          1.9421647177042713,
          0.9446591662774854,
          0.9374047264728484,
          0.936757709506833,
          0.9364800784578329,
          0.936658909572958,
          1.4050155079975002,
          0.9354170072323151,
          0.9357408385861596,
          0.9387442128166642,
          0.9368815260064726,
          0.937951196610545,
          1.0365405705039905,
          0.9354948872706149,
          0.9361650522438202,
          0.9369154340138509,
          0.9357538345769434,
          0.9384257705657573,
          0.9407194604369818,
          0.9465289612026808,
          0.9372146869560729,
          37.79356690552507,
          0.9853837103204716,
          0.9382076565692034
        ],
        [
          0.9621409195724062,
          1.6753109992135267,
          0.9564433990746178,
          0.9571583296055536,
          1.049813001768441,
          0.9573478418591356,
          0.9576960965828502,
          0.0,
          0.9483384410174909,
          0.9574394782754996,
          0.9575426381741089,
          0.9573813702833053,
          0.9573495776568509,
          1.0196696218862622,
          0.9574173803805536,
          0.9565879166409342,
          0.9585866149876736,
          0.9682658105621355,
          0.9572570487595009,
          0.9573710103516982,
          0.9579283176231056,
          0.9574359098729377,
          0.9577244529862913,
          0.9556995447412515,
          1.0183786953794889,
          0.9574678866153308,
          0.9575344404766445,
          0.9577619411861048,
          0.9569511750176299,
          0.9535925452233489,
          0.9573743711720274,
          1.3178236015766884,
          0.957578222959314,
          0.9574835223878465,
          0.9574521845817723,
          0.957266841650476,
          0.957458404419953,
          0.9562297778977279,
          0.9574957253231062,
          0.9578326862059815,
          0.9592252549555554,
          0.955616072117621,
          0.957483086814199,
          0.957645715021567,
          0.9574470876520457,
          0.9570856272414433,
          0.9558537788611987,
          0.9581725282878577,
          0.9578102498565221,
          3.6506348291923167,
          0.9555084173286358,
          0.9578503154160951
        ],
        [
          0.9352462798232529,
          0.9434884219466662,
          1.4055606139397883,
          0.9336458850233713,
          0.9432325277135678,
          0.9341660307144607,
          0.9511822780846451,
          0.9483384410174909,
          0.0,
          0.9344063014772217,
          1.218083683852142,
          0.9342713634921499,
          0.9341645313565617,
          1.5248321012602064,
          0.9337811124686152,
          0.9447728170163496,
          0.9405404207263836,
          7.780423965793581,
          0.932912833106099,
          1.6828662952885667,
          0.936586090445655,
          1.1836052258687333,
          0.9397845907848527,
          1.4555469828795848,
          2.7531678639171426,
          1.4440506979529437,
          0.9341157500302226,
          0.9369603335438426,
          0.9424514280498866,
          6.613697394938415,
          1.3194682220276217,
          0.9350661541744699,
          1.2359414201489358,
          1.3184184754734825,
          0.9349941040091201,
          0.9377469640559684,
          0.934032957170733,
          2.7747133057826487,
          1.4028343355947979,
          0.9365514844549423,
          6.894228652302969,
          0.9328052408778938,
          0.9345301363687368,
          1.5387420586142149,
          0.9342802467466047,
          0.9359476597114398,
          1.8374722937533918,
          1.6527986780443142,
          0.9356338313504394,
          3.820211018833305,
          4.061710864093834,
          0.936766760569688
        ],
        [
          0.9586118091725768,
          0.9577263573889827,
          0.9558688535709319,
          0.9606680010242339,
          0.9570442296119358,
          0.9601253344235369,
          0.9354386952351778,
          0.9574394782754996,
          0.9344063014772217,
          0.0,
          0.9587116081736162,
          0.9585106107173548,
          0.9700027256711405,
          0.9567058654983703,
          1.345848815698457,
          0.9555674795379396,
          0.9585238954422244,
          0.9497929776604153,
          0.9585246453220311,
          0.9583826161993656,
          0.9582939822994613,
          0.9586057488810511,
          0.9582684855018424,
          0.9558266178058471,
          0.9548477681154315,
          0.9585815060180899,
          0.9585555920239114,
          0.9583169086644991,
          0.9547457833041202,
          0.9511495330614967,
          0.9807771654121633,
          0.9585914608758339,
          0.9588375294717054,
          0.9586081538780336,
          0.9585215751718607,
          0.9582302810948082,
          0.9585762477604503,
          1.754334483294066,
          0.9585572125357522,
          0.9586195803603653,
          0.9503021015235911,
          0.9558385528044538,
          0.9585749015872178,
          1.4223959118034124,
          0.9603838519702548,
          0.9571225998192261,
          0.954053958559312,
          0.9558410513635563,
          0.9585898628640531,
          0.9071181815071349,
          0.9542782357434721,
          0.9585320748030447
        ],
        [
          0.9585708763507628,
          0.9577879987596926,
          0.9561802952745361,
          0.9634558167623432,
          0.9571362149798174,
          0.9584707031448492,
          0.9364984506185059,
          0.9575426381741089,
          1.218083683852142,
          0.9587116081736162,
          0.0,
          0.9584621467121811,
          0.9584631028537378,
          0.9570370012028632,
          0.9586030542489333,
          1.0701407631832347,
          0.9585017245293942,
          1.278262672279729,
          0.9584621694496664,
          0.9583189799377999,
          0.9582694642718262,
          0.9585091474178126,
          0.958246215023985,
          0.9566145504037485,
          0.9554672466683196,
          0.9585033225811723,
          0.9585118439313917,
          0.9583809047635125,
          0.9548980691405373,
          0.9522150539122226,
          0.9970808368005538,
          0.958547844306675,
          0.9588168638433293,
          0.9586159016374851,
          0.9584807238151469,
          0.958200673413741,
          0.9585309652572688,
          1.1544296306552533,
          0.9585287283143555,
          0.9585033927891422,
          0.950848711358737,
          0.9566755590886191,
          0.9586268606485052,
          0.9588341758910108,
          0.9586174661820039,
          0.957152002846933,
          0.9551203932007459,
          0.9562706351944125,
          0.9585488078666682,
          0.911531177521173,
          0.9546037779492392,
          0.9584969277722919
        ],
        [
          0.958484763405467,
          0.9576549067332646,
          0.9557444288238773,
          0.95769813912753,
          0.9569817458520994,
          0.9583478219674033,
          0.9359658758665914,
          0.9573813702833053,
          0.9342713634921499,
          0.9585106107173548,
          0.9584621467121811,
          0.0,
          0.9583490403294564,
          0.9566448384972219,
          0.9584798253016201,
          0.9554421967349885,
          0.9584256803569272,
          0.9497345970107762,
          0.9582750883724627,
          0.9582005424235497,
          0.9581831866179213,
          0.9583994836835444,
          0.9581458583000141,
          0.9556182632786205,
          0.954833966804684,
          0.958498032989993,
          0.9584244896458447,
          0.9582047947033807,
          0.9547555819248885,
          1.419538390549529,
          0.957671615243528,
          0.9584674098969098,
          0.958604205248732,
          0.9584363005300752,
          0.9583959476505373,
          0.9581051611842237,
          0.9584440683070063,
          0.9645401793780993,
          0.9584319083811684,
          0.9584065670326328,
          0.9504553875864341,
          0.9556395013643191,
          0.9584451598422921,
          0.9584826807509327,
          0.9584971437547185,
          0.9570404808192302,
          0.9540601033592696,
          0.9558079296442548,
          0.958464692999488,
          0.9082722637133993,
          0.9543086825462863,
          0.9584153711524511
        ],
        [
          0.9584575231453549,
          0.957629441251409,
          0.955728703341649,
          0.9591741554178738,
          0.9569448765822957,
          0.9659283344143228,
          0.9357307823400173,
          0.9573495776568509,
          0.9341645313565617,
          0.9700027256711405,
          0.9584631028537378,
          0.9583490403294564,
          0.0,
          0.9566137493285879,
          0.9585386445471207,
          0.9554486989071006,
          0.9584046906482173,
          0.9497190458575715,
          0.9582664132266439,
          0.9581769304743399,
          0.9581559514920048,
          0.9583904282999567,
          0.9581182294732438,
          0.9556313593035555,
          0.954808870896167,
          0.9583804699410676,
          0.958397267676161,
          0.9581785067903726,
          0.9546985767033035,
          0.9509839355269852,
          0.9701629834371854,
          0.9584412016861852,
          0.9585818168215569,
          0.9584106842157956,
          0.9583695073930143,
          0.9580740968367819,
          0.9584169369401387,
          1.43315892777094,
          0.9584060829077158,
          0.9583966162148928,
          0.950342461676546,
          0.955649536252028,
          0.9584185308236068,
          0.9617838833512429,
          0.9664384371443975,
          0.9570010216256759,
          0.9539810619759148,
          0.9557658039855876,
          0.9584394883197084,
          0.9077404863684362,
          0.9542154930133824,
          0.9583907075248154
        ],
        [
          1.9201790007169834,
          1.0998274230641736,
          0.9559119512375042,
          1.364931457454556,
          0.9849604544500072,
          0.9566084519556116,
          0.9479362716273401,
          1.0196696218862622,
          1.5248321012602064,
          0.9567058654983703,
          0.9570370012028632,
          0.9566448384972219,
          0.9566137493285879,
          0.0,
          0.9566588447725872,
          1.1777562853825272,
          0.9574174127431246,
          1.6399938522057456,
          0.9567192067338115,
          0.9600677905175911,
          0.9568280914516446,
          0.9567458716493383,
          2.637193719742097,
          1.189147139279887,
          1.159477687370215,
          0.9585028169328785,
          0.9567060425504816,
          0.9568785449993604,
          0.9557714234202277,
          0.9633468314995809,
          1.2422966871967454,
          0.956867637192283,
          0.9569932814445777,
          0.9568737282444657,
          0.9567233736111694,
          1.8780691751894738,
          1.4357006545108355,
          0.9563067915319302,
          0.9568550611020371,
          0.9569350255875289,
          0.9593077713115645,
          1.0203056298631228,
          0.9567400659484451,
          0.9969902182212911,
          0.9567004314484457,
          0.9562372876501364,
          0.9637855661475659,
          1.6504200172534251,
          0.9569023596295474,
          4.637350412758328,
          0.9556607353565291,
          0.9569631375527248
        ],
        [
          0.9585857935162082,
          0.9577029352602253,
          0.9558212565715454,
          0.9578602335830136,
          0.9570187690034991,
          0.9585680904958227,
          0.9353865495217867,
          0.9574173803805536,
          0.9337811124686152,
          1.345848815698457,
          0.9586030542489333,
          0.9584798253016201,
          0.9585386445471207,
          0.9566588447725872,
          0.0,
          0.9554546608519822,
          0.9585026005381267,
          0.9496709113575186,
          0.9584492553395201,
          0.958322118899592,
          0.9582682784097389,
          0.9585433676964513,
          0.9582376434053034,
          0.9556936330653419,
          0.9548158081392517,
          0.9585280179516106,
          0.9585271321630362,
          0.9582909741511727,
          0.9547205455535234,
          0.9510177825299198,
          0.958133577758838,
          0.958565731233607,
          0.9587087668513573,
          0.9585356643666836,
          0.9584939318540854,
          0.9582007680222413,
          0.9585477091465291,
          1.5945926722290824,
          0.9585299218089187,
          0.9585436719878465,
          0.950269873479232,
          0.9557525606898546,
          0.958546880508982,
          0.958768221766751,
          0.9587221722126136,
          0.9570946336073355,
          0.9540189329958461,
          0.9557928476957439,
          0.958562723860004,
          0.9069942991530837,
          0.9542472108491861,
          0.958506706321224
        ],
        [
          0.9556406495409981,
          0.9560716201073354,
          0.953930820873786,
          1.1147507278873021,
          0.9553394111650194,
          0.9553926746177972,
          0.9385274685757247,
          0.9565879166409342,
          0.9447728170163496,
          0.9555674795379396,
          1.0701407631832347,
          0.9554421967349885,
          0.9554486989071006,
          1.1777562853825272,
          0.9554546608519822,
          0.0,
          0.9562921746191316,
          1.69981351254236,
          1.1921725704056771,
          0.9554076865485581,
          0.9559126696718647,
          0.9555205060506864,
          0.9555891596190736,
          2.8118680128585085,
          0.9645497995225986,
          0.9555891217370791,
          0.9554734149559624,
          0.9558014157192325,
          0.9534056052060427,
          0.9501832673540775,
          3.5819381185260863,
          0.9556400109795896,
          0.955743315269426,
          0.9556036721316095,
          0.9555627495847503,
          0.9552118537323866,
          0.9554812288237384,
          0.9568141190354446,
          0.9556189107647591,
          0.9557746411783234,
          0.9504644504107994,
          5.3753904040376,
          0.9557216999211355,
          1.0108028708102592,
          0.9555307365257681,
          0.955476342890942,
          0.9821620655980177,
          1.3770962195954854,
          0.9557082284958615,
          1.6744203675278406,
          0.9525993035541294,
          0.9558071747100565
        ],
        [
          0.9586254870210796,
          0.9579206964434147,
          0.956569928594542,
          0.9580323530704741,
          0.9577644518145839,
          0.9584025531673039,
          0.9418833917695693,
          0.9585866149876736,
          0.9405404207263836,
          0.9585238954422244,
          0.9585017245293942,
          0.9584256803569272,
          0.9584046906482173,
          0.9574174127431246,
          0.9585026005381267,
          0.9562921746191316,
          0.0,
          0.95999458251672,
          0.9583492826795181,
          0.9582843951991504,
          0.9582863074656404,
          0.9584436787004764,
          0.9582566057370135,
          0.956334475165159,
          0.9570322663926482,
          0.9584327948840993,
          0.9584660593587762,
          0.9583006915742945,
          0.9557919690631341,
          0.9528327355520285,
          0.9580447295086606,
          0.9585229416950436,
          0.9586017054977982,
          0.9584736354891916,
          0.9584426759923681,
          0.9582222588183594,
          0.9584803955518272,
          0.9566721792479559,
          0.9584708344845426,
          0.9584512700929642,
          0.9526227837900428,
          0.956334362142333,
          0.9584837697215451,
          0.958524459495266,
          0.9585166166224136,
          0.9574636214129281,
          0.9555428895982981,
          0.9565677087160309,
          0.9585063017894777,
          2.2978085601540954,
          0.9553720075972107,
          0.9587126586189276
        ],
        [
          0.950919749591718,
          0.9631447517563891,
          1.8911153573647892,
          1.2418582343357933,
          0.964996813614066,
          0.9497239811052691,
          0.9741410204754588,
          0.9682658105621355,
          7.780423965793581,
          0.9497929776604153,
          1.278262672279729,
          0.9497345970107762,
          0.9497190458575715,
          1.6399938522057456,
          0.9496709113575186,
          1.69981351254236,
          0.95999458251672,
          0.0,
          0.9495612377708268,
          0.9503026117875389,
          0.9523865733902181,
          0.9500893799471752,
          0.9506488927112644,
          1.2564900629769427,
          4.661444738142896,
          0.9502272515799269,
          0.9497730850567558,
          1.4207206491651554,
          0.9524679651775761,
          0.9622095474421444,
          1.3246727984497497,
          0.9501515953559581,
          0.9506962419350171,
          0.9504459118248187,
          0.9500469993165753,
          0.949562427839434,
          0.9496983304913005,
          1.8320709085156945,
          0.9502024234652816,
          0.950779538552573,
          1.3081059390117653,
          0.9509327500470404,
          1.4228952127079775,
          1.0861734448674822,
          0.949790341554335,
          0.9584076576986543,
          1.2338177817947782,
          1.4292800299067963,
          0.9503753365687625,
          4.248067666063234,
          1.4270307007578669,
          0.9515375505092426
        ],
        [
          0.9583873200327321,
          0.9575506535883864,
          0.9555472582065264,
          1.8553648548152193,
          0.9568286516961572,
          0.9582962671758158,
          0.9347817482556133,
          0.9572570487595009,
          0.932912833106099,
          0.9585246453220311,
          0.9584621694496664,
          0.9582750883724627,
          0.9582664132266439,
          0.9567192067338115,
          0.9584492553395201,
          1.1921725704056771,
          0.9583492826795181,
          0.9495612377708268,
          0.0,
          0.958090841251293,
          0.9580808640279912,
          0.9583118033916862,
          0.9580411391988354,
          0.9558015685830136,
          0.9546256532047007,
          0.9583027236040885,
          0.9583254977052604,
          0.958104509751191,
          0.9544940945912537,
          0.9505937693290635,
          0.9587006547939627,
          0.9583727646741745,
          0.958516269700638,
          0.9583409376404952,
          0.958299313803918,
          0.9579875128485867,
          0.9583456788350325,
          1.4339584147888043,
          0.9583376693111485,
          0.9583203113347002,
          0.9499693099287272,
          1.3840295374698965,
          0.958348663875676,
          0.9584317817833953,
          0.9584537347641653,
          0.9568773596311967,
          0.9539246382435908,
          0.9556735317951337,
          0.9583735931598724,
          0.9058544503136161,
          0.9539809277407023,
          0.9583254957795349
        ],
        [
          0.9583010061434928,
          0.9575705626364718,
          0.9557406125055715,
          0.9575431011178043,
          0.9569355573854985,
          0.958194563670569,
          0.9368835081008235,
          0.9573710103516982,
          1.6828662952885667,
          0.9583826161993656,
          0.9583189799377999,
          0.9582005424235497,
          0.9581769304743399,
          0.9600677905175911,
          0.958322118899592,
          0.9554076865485581,
          0.9582843951991504,
          0.9503026117875389,
          0.958090841251293,
          0.0,
          0.9580235007433542,
          0.9741590468035788,
          0.9580157158234712,
          0.9555790673905666,
          0.9550873798122714,
          0.9630760540564544,
          0.958235146783953,
          0.9580456886601575,
          0.9547896765032476,
          1.9209717563881517,
          0.9576420786172479,
          0.9582829629243448,
          0.9585606549364494,
          0.9583374057331174,
          0.9582153200190496,
          0.9579525510249584,
          0.9582530830417374,
          1.1919791552390997,
          0.9582581990716152,
          0.9582427357464542,
          0.9508834593454839,
          0.9555953302049494,
          0.9582576799514294,
          0.9623550830736437,
          0.9583379423740132,
          0.956927942359765,
          0.9542176465396789,
          0.9586824150406332,
          0.958285409458998,
          0.9108270237859653,
          1.4302370859318934,
          0.9582467498083839
        ],
        [
          0.958327858004345,
          0.957629222191154,
          0.9558769252680444,
          0.9575976406389397,
          0.9571296326129801,
          0.9581532504753545,
          0.9382773278337065,
          0.9579283176231056,
          0.936586090445655,
          0.9582939822994613,
          0.9582694642718262,
          0.9581831866179213,
          0.9581559514920048,
          0.9568280914516446,
          0.9582682784097389,
          0.9559126696718647,
          0.9582863074656404,
          0.9523865733902181,
          0.9580808640279912,
          0.9580235007433542,
          0.0,
          0.9582079100541653,
          0.9579930988026202,
          0.9556848645807218,
          0.9655447369594203,
          0.9581990892472129,
          0.9582296882705437,
          0.958053902192319,
          0.9550335928841628,
          0.9516188497995062,
          0.9575992675254931,
          0.9582852447259113,
          0.9583953290399225,
          0.9582458664200866,
          0.9582107178554456,
          0.9579359980931017,
          0.9582453297418856,
          0.9561292436892473,
          0.9582450543614603,
          0.9582308487981845,
          0.9512318149098509,
          0.955707510239227,
          0.9582507819132521,
          0.9582915477364294,
          0.9582886277355631,
          0.9570937753395238,
          0.9544554408321874,
          0.9560002590616843,
          0.9582817279994965,
          1.3563672906724624,
          0.9545494932337464,
          0.9582438836136444
        ],
        [
          0.9585080768267782,
          0.957685768538065,
          0.9558511443580093,
          0.957752995911907,
          0.9570354215732828,
          0.9584080721305014,
          0.9363582888576137,
          0.9574359098729377,
          1.1836052258687333,
          0.9586057488810511,
          0.9585091474178126,
          0.9583994836835444,
          0.9583904282999567,
          0.9567458716493383,
          0.9585433676964513,
          0.9555205060506864,
          0.9584436787004764,
          0.9500893799471752,
          0.9583118033916862,
          0.9741590468035788,
          0.9582079100541653,
          0.0,
          0.9581735109546525,
          0.9557261007912324,
          0.9549714381848519,
          0.9584327801139217,
          0.9584470423946042,
          0.9582295094916112,
          0.9548355481191662,
          0.9528801228911074,
          0.9577947634732802,
          0.9584882155108109,
          0.9586742928171059,
          0.9584886743773458,
          0.9584181983181123,
          0.9581340330943605,
          0.9584663559168224,
          1.169068253877743,
          0.9584618362469677,
          0.9584363924487012,
          0.9506811185691556,
          0.9557401681329389,
          0.9584670857526507,
          0.9621755230731152,
          0.9585548906949801,
          0.957085386699561,
          0.9542007369339442,
          0.9558943521294246,
          0.9584855884651912,
          0.9092762410113393,
          0.9544629045478957,
          0.9584360628553913
        ],
        [
          0.9584966260641422,
          0.9576060103198433,
          0.9557453541736098,
          0.9577838054934561,
          0.9571321331289755,
          0.9581188994874852,
          0.93738460748169,
          0.9577244529862913,
          0.9397845907848527,
          0.9582684855018424,
          0.958246215023985,
          0.9581458583000141,
          0.9581182294732438,
          2.637193719742097,
          0.9582376434053034,
          0.9555891596190736,
          0.9582566057370135,
          0.9506488927112644,
          0.9580411391988354,
          0.9580157158234712,
          0.9579930988026202,
          0.9581735109546525,
          0.0,
          0.9557790949547362,
          1.0017236155785287,
          0.9581778692155698,
          0.9581936259592633,
          0.9580144125020488,
          0.9548723402070163,
          0.9514714020084613,
          0.9575508086156397,
          0.958246559476808,
          0.958375266766885,
          0.9582165700852999,
          0.9581749492876852,
          0.9611186496726605,
          0.9582173196629473,
          0.9560495021211403,
          0.9582114022857385,
          0.9581969038529382,
          0.9509312844796286,
          0.9557102614863051,
          0.9582154911301818,
          0.9583421190476896,
          0.9582588897946597,
          0.956933809171305,
          0.9543475135756169,
          1.3610419672758607,
          0.9582469298040641,
          1.2742665856093884,
          0.9544005648495333,
          0.958210361975449
        ],
        [
          0.9558555356969985,
          0.9558918728780923,
          0.9532342780197576,
          1.194625849040475,
          0.9549356315722736,
          0.9555959609535847,
          0.9346676927092181,
          0.9556995447412515,
          1.4555469828795848,
          0.9558266178058471,
          0.9566145504037485,
          0.9556182632786205,
          0.9556313593035555,
          1.189147139279887,
          0.9556936330653419,
          2.8118680128585085,
          0.956334475165159,
          1.2564900629769427,
          0.9558015685830136,
          0.9555790673905666,
          0.9556848645807218,
          0.9557261007912324,
          0.9557790949547362,
          0.0,
          0.9539771860727532,
          0.9558123835163086,
          0.9556532039051697,
          0.9557391861120832,
          0.9528220379159845,
          0.9493732648407159,
          2.2943565116603626,
          0.9557942263120401,
          0.9561247466385694,
          0.9558747079305518,
          0.9557323877806009,
          0.9554124974740461,
          0.9557140850094261,
          1.0491159755003812,
          0.9557966929005594,
          0.9559583921447034,
          0.9490538236931324,
          1.9670426372375862,
          0.9557335641014484,
          1.0835811620461706,
          0.9557542795486617,
          0.9544911602251844,
