Map from character to field name
A:	Avian
B:	Camel
C:	Canine
D:	Equine
E:	Feline
F:	Mink
G:	Seal
H:	Swine
I:	?


Substitution rate (mu): 1.552679

Equilibrium frequencies (pi_i):
  A: 0.1518
  B: 0.1267
  C: 0.1387
  D: 0.1014
  E: 0.1779
  F: 0.1117
  G: 0.105
  H: 0.0868

Symmetrized rates from j->i (W_ij):
	A	B	C	D	E	F	G	H
  A	0	0.6167	1.1677	1.0041	0.5358	0.6457	1.3151	3.0679
  B	0.6167	0	0.9494	1.3808	0.9762	0.9776	0.9759	0.6819
  C	1.1677	0.9494	0	2.2387	2.8115	0.9524	0.9522	0.9807
  D	1.0041	1.3808	2.2387	0	0.8979	0.9267	0.9289	1.0571
  E	0.5358	0.9762	2.8115	0.8979	0	0.976	0.9738	0.9108
  F	0.6457	0.9776	0.9524	0.9267	0.976	0	0.9759	1.4139
  G	1.3151	0.9759	0.9522	0.9289	0.9738	0.9759	0	0.7185
  H	3.0679	0.6819	0.9807	1.0571	0.9108	1.4139	0.7185	0

Actual rates from j->i (Q_ij):
	A	B	C	D	E	F	G	H
  A	0	0.0936	0.1773	0.1524	0.0813	0.098	0.1996	0.4658
  B	0.0781	0	0.1203	0.1749	0.1237	0.1238	0.1236	0.0864
  C	0.162	0.1317	0	0.3106	0.3901	0.1321	0.1321	0.1361
  D	0.1019	0.1401	0.2271	0	0.0911	0.094	0.0942	0.1072
  E	0.0953	0.1736	0.5001	0.1597	0	0.1736	0.1732	0.162
  F	0.0721	0.1092	0.1063	0.1035	0.109	0	0.109	0.1579
  G	0.1381	0.1025	0.1	0.0975	0.1022	0.1025	0	0.0754
  H	0.2662	0.0592	0.0851	0.0917	0.079	0.1227	0.0624	0
