Map from character to field name
A:	Avian
B:	Canine
C:	Equine
D:	Feline
E:	Mink
F:	Seal
G:	Swine
H:	?


Substitution rate (mu): 2.661394

Equilibrium frequencies (pi_i):
  A: 0.1602
  B: 0.1673
  C: 0.1072
  D: 0.2306
  E: 0.1315
  F: 0.1247
  G: 0.0785

Symmetrized rates from j->i (W_ij):
	A	B	C	D	E	F	G
  A	0	1.0199	1.5121	0.5023	0.6967	0.9226	4.6987
  B	1.0199	0	1.586	2.7949	0.8144	0.8146	1.3518
  C	1.5121	1.586	0	0.7991	0.8152	0.8158	0.7513
  D	0.5023	2.7949	0.7991	0	0.8368	0.8355	0.872
  E	0.6967	0.8144	0.8152	0.8368	0	0.8364	1.2587
  F	0.9226	0.8146	0.8158	0.8355	0.8364	0	0.6761
  G	4.6987	1.3518	0.7513	0.872	1.2587	0.6761	0

Actual rates from j->i (Q_ij):
	A	B	C	D	E	F	G
  A	0	0.1634	0.2422	0.0805	0.1116	0.1478	0.7526
  B	0.1707	0	0.2654	0.4677	0.1363	0.1363	0.2262
  C	0.1621	0.1701	0	0.0857	0.0874	0.0875	0.0806
  D	0.1158	0.6445	0.1843	0	0.193	0.1927	0.2011
  E	0.0916	0.1071	0.1072	0.11	0	0.11	0.1655
  F	0.115	0.1015	0.1017	0.1041	0.1043	0	0.0843
  G	0.3688	0.1061	0.059	0.0684	0.0988	0.0531	0
